301 1 3
301 172 3
301 173 2
301 195 4
301 242 3
301 258 4
301 286 1
301 318 1
301 481 1
301 516 4
301 191 33
301 204 33
301 269 33
301 283 33
301 423 33
301 484 33
301 515 33
301 604 33
302 242 4
302 258 3
302 268 2
302 289 4
302 300 3
302 304 3
302 316 4
302 322 3
302 875 2
302 984 1
302 243 33
302 269 33
302 286 33
302 313 33
302 315 33
302 326 33
302 328 33
302 333 33
302 678 33
303 264 3
303 286 5
303 288 5
303 289 4
303 298 4
303 301 4
303 306 4
303 319 4
303 332 3
303 343 3
303 258 33
303 268 33
303 269 33
303 294 33
303 300 33
303 303 33
303 305 33
303 325 33
303 333 33
303 340 33
303 682 33
303 995 33
304 22 5
304 136 5
304 172 5
304 193 4
304 215 5
304 237 5
304 427 5
304 510 5
304 566 4
304 603 5
304 64 33
304 143 33
304 194 33
304 245 33
304 286 33
304 418 33
304 480 33
304 492 33
304 604 33
304 606 33
304 705 33
305 87 1
305 98 3
305 204 3
305 288 4
305 313 5
305 427 4
305 475 3
305 655 4
305 690 5
305 938 1
305 137 33
305 272 33
305 327 33
305 650 33
305 651 33
305 750 33
305 886 33
306 1 3
306 50 4
306 181 4
306 255 3
306 313 3
306 471 5
306 476 3
306 597 3
306 748 4
306 846 4
306 121 33
306 126 33
306 127 33
306 151 33
306 252 33
306 289 33
306 405 33
306 924 33
307 121 4
307 125 3
307 286 5
307 294 3
307 300 4
307 405 4
307 458 4
307 538 4
307 756 3
307 815 2
307 111 33
307 118 33
307 181 33
307 220 33
307 252 33
307 258 33
307 298 33
307 301 33
307 471 33
307 476 33
307 546 33
307 845 33
307 926 33
308 269 5
308 272 5
308 289 4
308 301 5
308 313 5
308 336 3
308 343 3
308 353 1
308 751 3
308 898 5
308 245 33
308 288 33
308 300 33
308 873 33
308 879 33
309 288 5
309 294 3
309 307 4
309 335 3
309 343 2
309 350 2
309 689 3
309 750 5
309 887 4
309 895 2
309 268 33
309 270 33
309 292 33
309 300 33
309 302 33
309 310 33
309 313 33
309 332 33
309 346 33
309 682 33
309 690 33
309 880 33
310 50 4
310 112 4
310 133 2
310 210 3
310 222 4
310 258 4
310 411 3
310 473 2
310 756 3
310 894 1
310 21 33
310 94 33
310 181 33
310 240 33
310 300 33
310 596 33
310 597 33
311 1 4
311 7 4
311 28 5
311 50 5
311 222 3
311 259 3
311 269 4
311 271 2
311 300 2
311 736 5
311 64 33
311 111 33
311 151 33
311 251 33
311 257 33
311 272 33
311 750 33
311 751 33
312 7 4
312 14 4
312 149 5
312 224 4
312 275 5
312 277 4
312 290 3
312 410 5
312 475 5
312 740 3
312 1 33
312 9 33
312 100 33
312 129 33
312 268 33
312 276 33
312 286 33
312 300 33
312 742 33
313 258 2
313 272 5
313 289 2
313 311 4
313 328 3
313 332 5
313 690 4
313 751 5
313 873 5
313 893 1
313 243 33
313 286 33
313 288 33
313 310 33
313 313 33
313 315 33
313 323 33
313 333 33
313 748 33
314 300 3
314 313 5
314 322 4
314 326 5
314 333 4
314 350 4
314 538 1
314 682 4
314 748 4
314 990 5
314 258 33
314 272 33
314 288 33
314 319 33
314 362 33
314 882 33
314 891 33
315 117 4
315 125 5
315 245 4
315 301 4
315 304 3
315 322 4
315 326 4
315 340 5
315 748 3
315 892 5
315 243 33
315 259 33
315 288 33
315 294 33
315 321 33
315 339 33
315 342 33
315 359 33
315 410 33
315 597 33
315 687 33
315 875 33
315 988 33
316 25 3
316 124 4
316 268 4
316 275 5
316 283 3
316 285 4
316 286 4
316 319 2
316 508 4
316 874 2
316 14 33
316 237 33
316 245 33
316 272 33
316 313 33
316 321 33
316 676 33
317 303 4
317 305 4
317 311 4
317 321 4
317 328 3
317 340 3
317 347 4
317 690 4
317 900 3
317 902 5
317 272 33
317 315 33
317 316 33
317 319 33
317 345 33
318 22 5
318 258 3
318 306 5
318 311 4
318 515 5
318 525 5
318 538 4
318 603 5
318 882 3
318 923 5
318 98 33
318 173 33
318 245 33
318 269 33
318 286 33
318 288 33
318 294 33
318 301 33
318 313 33
318 315 33
318 347 33
318 752 33
319 258 2
319 294 3
319 322 4
319 326 1
319 332 4
319 333 3
319 342 1
319 538 4
319 682 3
319 690 5
319 271 33
319 288 33
319 289 33
319 301 33
319 304 33
319 308 33
319 310 33
319 331 33
319 338 33
319 877 33
319 938 33
319 989 33
320 258 5
320 262 4
320 268 4
320 302 5
320 307 3
320 319 4
320 338 3
320 340 3
320 689 2
320 879 2
320 269 33
320 271 33
320 288 33
320 294 33
320 300 33
320 305 33
320 325 33
320 327 33
320 333 33
320 343 33
320 890 33
321 216 3
321 237 4
321 269 4
321 302 5
321 346 4
321 357 5
321 455 4
321 514 3
321 538 5
321 628 2
321 100 33
321 150 33
321 151 33
321 168 33
321 191 33
321 194 33
321 198 33
321 205 33
321 222 33
321 276 33
321 288 33
321 313 33
321 682 33
321 902 33
322 7 4
322 21 1
322 125 2
322 151 2
322 222 2
322 282 3
322 685 4
322 815 3
322 849 4
322 926 3
322 1 33
322 24 33
322 147 33
322 254 33
322 405 33
322 410 33
322 471 33
322 473 33
322 742 33
323 243 4
323 257 4
323 261 3
323 288 4
323 294 3
323 300 4
323 322 4
323 409 4
323 833 4
323 872 5
323 100 33
323 264 33
323 328 33
323 456 33
323 687 33
323 876 33
323 881 33
323 948 33
324 258 3
324 299 2
324 301 4
324 303 2
324 307 4
324 323 2
324 358 3
324 680 2
324 748 1
324 988 2
324 245 33
324 270 33
324 289 33
324 294 33
324 309 33
324 322 33
324 328 33
324 879 33
325 111 3
325 259 1
325 275 4
325 286 1
325 294 4
325 310 3
325 322 4
325 681 2
325 893 3
325 895 3
325 237 33
325 271 33
325 278 33
325 288 33
325 298 33
325 300 33
325 313 33
325 328 33
325 343 33
325 682 33
325 742 33
325 763 33
326 14 5
326 242 5
326 269 5
326 275 4
326 286 4
326 287 4
326 319 4
326 321 3
326 744 4
326 864 3
326 13 33
326 25 33
326 100 33
326 111 33
326 116 33
326 150 33
326 235 33
326 283 33
326 306 33
326 476 33
326 756 33
327 242 4
327 286 4
327 304 3
327 306 2
327 324 3
327 326 5
327 331 5
327 690 3
327 938 4
327 989 3
327 258 33
327 300 33
327 303 33
327 319 33
327 333 33
327 334 33
328 24 4
328 116 5
328 181 4
328 251 5
328 257 5
328 274 3
328 275 5
328 304 5
328 536 4
328 740 4
328 14 33
328 50 33
328 222 33
328 258 33
328 748 33
328 832 33
328 845 33
329 271 3
329 288 4
329 299 4
329 300 4
329 313 4
329 326 3
329 331 4
329 350 5
329 351 3
329 355 4
329 245 33
329 264 33
329 268 33
329 322 33
329 323 33
329 328 33
329 354 33
329 678 33
329 748 33
329 879 33
330 261 3
330 269 3
330 302 4
330 307 4
330 313 5
330 332 4
330 340 3
330 689 3
330 750 3
330 880 4
330 259 33
330 267 33
330 268 33
330 301 33
330 306 33
330 333 33
330 338 33
330 346 33
330 682 33
330 751 33
330 879 33
331 44 3
331 148 5
331 195 5
331 252 5
331 284 5
331 354 5
331 431 5
331 682 4
331 717 3
331 742 5
331 1 33
331 5 33
331 7 33
331 8 33
331 9 33
331 11 33
331 12 33
331 22 33
331 31 33
331 38 33
331 53 33
331 54 33
331 56 33
331 70 33
331 73 33
331 77 33
331 79 33
331 82 33
331 95 33
331 96 33
331 97 33
331 98 33
331 105 33
331 106 33
331 117 33
331 118 33
331 120 33
331 121 33
331 122 33
331 123 33
331 125 33
331 127 33
331 144 33
331 156 33
331 159 33
331 172 33
331 174 33
331 181 33
331 182 33
331 204 33
331 210 33
331 218 33
331 222 33
331 227 33
331 228 33
331 229 33
331 230 33
331 232 33
331 233 33
331 234 33
331 235 33
331 237 33
331 240 33
331 249 33
331 255 33
331 257 33
331 258 33
331 264 33
331 265 33
331 271 33
331 273 33
331 282 33
331 288 33
331 291 33
331 293 33
331 294 33
331 295 33
331 298 33
331 300 33
331 307 33
331 313 33
331 322 33
331 323 33
331 326 33
331 327 33
331 328 33
331 332 33
331 333 33
331 342 33
331 356 33
331 369 33
331 370 33
331 405 33
331 406 33
331 409 33
331 410 33
331 449 33
331 450 33
331 451 33
331 452 33
331 456 33
331 470 33
331 546 33
331 566 33
331 595 33
331 597 33
331 628 33
331 651 33
331 655 33
331 660 33
331 673 33
331 679 33
331 684 33
331 693 33
331 696 33
331 728 33
331 746 33
331 756 33
331 763 33
331 770 33
331 815 33
331 824 33
331 827 33
331 831 33
331 833 33
331 840 33
331 841 33
331 845 33
331 866 33
331 871 33
331 879 33
331 895 33
331 928 33
331 931 33
331 934 33
331 975 33
331 978 33
331 982 33
331 983 33
332 66 5
332 79 3
332 98 4
332 100 4
332 174 5
332 255 3
332 276 4
332 300 4
332 739 5
332 894 3
332 88 33
332 153 33
332 168 33
332 180 33
332 186 33
332 269 33
332 294 33
332 315 33
332 316 33
332 435 33
332 513 33
332 748 33
332 873 33
333 82 4
333 83 4
333 151 4
333 179 4
333 302 5
333 387 4
333 427 4
333 531 5
333 569 2
333 608 4
333 4 33
333 7 33
333 8 33
333 9 33
333 12 33
333 13 33
333 19 33
333 20 33
333 22 33
333 23 33
333 28 33
333 42 33
333 50 33
333 52 33
333 56 33
333 58 33
333 59 33
333 61 33
333 68 33
333 69 33
333 70 33
333 72 33
333 73 33
333 74 33
333 77 33
333 79 33
333 81 33
333 86 33
333 89 33
333 91 33
333 93 33
333 95 33
333 98 33
333 100 33
333 111 33
333 115 33
333 116 33
333 117 33
333 124 33
333 125 33
333 127 33
333 131 33
333 132 33
333 134 33
333 135 33
333 143 33
333 150 33
333 153 33
333 154 33
333 155 33
333 160 33
333 163 33
333 164 33
333 168 33
333 169 33
333 170 33
333 171 33
333 172 33
333 173 33
333 174 33
333 175 33
333 176 33
333 181 33
333 182 33
333 183 33
333 185 33
333 186 33
333 191 33
333 196 33
333 197 33
333 200 33
333 203 33
333 204 33
333 207 33
333 210 33
333 213 33
333 216 33
333 217 33
333 220 33
333 221 33
333 222 33
333 223 33
333 224 33
333 225 33
333 227 33
333 228 33
333 229 33
333 230 33
333 231 33
333 235 33
333 237 33
333 238 33
333 239 33
333 244 33
333 245 33
333 248 33
333 250 33
333 255 33
333 257 33
333 258 33
333 265 33
333 268 33
333 269 33
333 271 33
333 272 33
333 275 33
333 276 33
333 277 33
333 282 33
333 283 33
333 285 33
333 286 33
333 287 33
333 288 33
333 289 33
333 293 33
333 297 33
333 300 33
333 301 33
333 303 33
333 305 33
333 306 33
333 310 33
333 311 33
333 312 33
333 313 33
333 315 33
333 316 33
333 317 33
333 318 33
333 319 33
333 322 33
333 324 33
333 326 33
333 328 33
333 333 33
333 337 33
333 338 33
333 340 33
333 345 33
333 346 33
333 347 33
333 371 33
333 396 33
333 405 33
333 408 33
333 421 33
333 423 33
333 425 33
333 428 33
333 429 33
333 430 33
333 433 33
333 436 33
333 443 33
333 449 33
333 450 33
333 461 33
333 462 33
333 474 33
333 475 33
333 476 33
333 481 33
333 483 33
333 484 33
333 485 33
333 488 33
333 494 33
333 498 33
333 500 33
333 502 33
333 505 33
333 506 33
333 508 33
333 510 33
333 512 33
333 514 33
333 515 33
333 521 33
333 525 33
333 529 33
333 537 33
333 553 33
333 558 33
333 566 33
333 577 33
333 582 33
333 591 33
333 603 33
333 606 33
333 607 33
333 620 33
333 628 33
333 629 33
333 631 33
333 634 33
333 635 33
333 640 33
333 642 33
333 652 33
333 655 33
333 657 33
333 658 33
333 663 33
333 675 33
333 678 33
333 684 33
333 689 33
333 693 33
333 707 33
333 708 33
333 709 33
333 710 33
333 712 33
333 716 33
333 736 33
333 740 33
333 742 33
333 744 33
333 746 33
333 753 33
333 762 33
333 792 33
333 815 33
333 840 33
333 845 33
333 846 33
333 855 33
333 856 33
333 865 33
333 870 33
333 877 33
333 879 33
333 886 33
333 887 33
333 888 33
333 896 33
333 899 33
333 902 33
333 905 33
333 906 33
333 922 33
333 931 33
333 936 33
333 937 33
333 945 33
333 950 33
333 955 33
333 961 33
333 969 33
334 260 3
334 271 4
334 300 5
334 305 4
334 322 4
334 323 4
334 328 3
334 333 4
334 355 3
334 678 3
334 245 33
334 258 33
334 269 33
334 288 33
334 307 33
334 313 33
334 324 33
334 342 33
334 347 33
334 748 33
334 902 33
335 63 2
335 70 5
335 90 5
335 108 3
335 204 5
335 288 3
335 399 3
335 575 3
335 845 1
335 926 1
335 3 33
335 4 33
335 13 33
335 15 33
335 26 33
335 33 33
335 41 33
335 42 33
335 49 33
335 56 33
335 66 33
335 67 33
335 88 33
335 94 33
335 100 33
335 105 33
335 111 33
335 117 33
335 121 33
335 122 33
335 124 33
335 125 33
335 151 33
335 153 33
335 154 33
335 158 33
335 168 33
335 186 33
335 202 33
335 208 33
335 216 33
335 232 33
335 237 33
335 239 33
335 275 33
335 276 33
335 282 33
335 284 33
335 290 33
335 367 33
335 383 33
335 388 33
335 395 33
335 401 33
335 405 33
335 410 33
335 451 33
335 475 33
335 546 33
335 571 33
335 577 33
335 619 33
335 628 33
335 655 33
335 692 33
335 710 33
335 722 33
335 732 33
335 738 33
335 742 33
335 762 33
335 763 33
335 765 33
335 780 33
335 781 33
335 785 33
335 790 33
335 796 33
335 824 33
335 859 33
335 864 33
335 959 33
335 998 33
335 999 33
336 125 4
336 135 5
336 222 5
336 229 3
336 250 3
336 449 4
336 450 2
336 471 5
336 636 4
336 879 3
336 15 33
336 50 33
336 106 33
336 121 33
336 127 33
336 181 33
336 228 33
336 230 33
336 235 33
336 257 33
336 371 33
336 380 33
336 392 33
336 515 33
336 520 33
336 631 33
336 742 33
336 831 33
337 52 5
337 100 4
337 196 2
337 197 5
337 286 4
337 408 5
337 427 4
337 603 5
337 606 3
337 663 5
337 1 33
337 56 33
337 79 33
337 83 33
337 132 33
337 133 33
337 134 33
337 135 33
337 168 33
337 170 33
337 174 33
337 175 33
337 180 33
337 189 33
337 194 33
337 204 33
337 208 33
337 211 33
337 212 33
337 213 33
337 215 33
337 216 33
337 269 33
337 294 33
337 301 33
337 306 33
337 310 33
337 435 33
337 443 33
337 462 33
337 474 33
337 480 33
337 483 33
337 484 33
337 486 33
337 488 33
337 490 33
337 494 33
337 498 33
337 511 33
337 513 33
337 514 33
337 516 33
337 523 33
337 525 33
337 582 33
337 604 33
337 607 33
337 613 33
337 650 33
337 654 33
337 708 33
337 792 33
337 945 33
338 45 5
338 99 4
338 173 5
338 182 5
338 185 4
338 234 4
338 423 3
338 488 5
338 511 5
338 589 5
338 1 33
338 4 33
338 5 33
338 7 33
338 11 33
338 12 33
338 22 33
338 23 33
338 25 33
338 28 33
338 29 33
338 30 33
338 32 33
338 42 33
338 47 33
338 50 33
338 55 33
338 56 33
338 58 33
338 64 33
338 65 33
338 67 33
338 69 33
338 73 33
338 74 33
338 76 33
338 79 33
338 80 33
338 81 33
338 82 33
338 86 33
338 88 33
338 89 33
338 91 33
338 97 33
338 98 33
338 100 33
338 101 33
338 117 33
338 121 33
338 124 33
338 126 33
338 127 33
338 130 33
338 131 33
338 132 33
338 133 33
338 134 33
338 135 33
338 136 33
338 139 33
338 144 33
338 145 33
338 150 33
338 151 33
338 153 33
338 154 33
338 156 33
338 157 33
338 159 33
338 160 33
338 161 33
338 163 33
338 167 33
338 168 33
338 170 33
338 174 33
338 175 33
338 179 33
338 180 33
338 181 33
338 183 33
338 186 33
338 188 33
338 190 33
338 191 33
338 192 33
338 194 33
338 195 33
338 196 33
338 197 33
338 198 33
338 199 33
338 203 33
338 204 33
338 205 33
338 208 33
338 209 33
338 214 33
338 222 33
338 226 33
338 227 33
338 228 33
338 231 33
338 233 33
338 235 33
338 238 33
338 240 33
338 248 33
338 257 33
338 258 33
338 265 33
338 269 33
338 270 33
338 276 33
338 286 33
338 288 33
338 298 33
338 302 33
338 317 33
338 327 33
338 347 33
338 357 33
338 380 33
338 383 33
338 402 33
338 403 33
338 404 33
338 410 33
338 411 33
338 415 33
338 427 33
338 428 33
338 431 33
338 433 33
338 435 33
338 436 33
338 447 33
338 449 33
338 451 33
338 461 33
338 469 33
338 474 33
338 475 33
338 478 33
338 479 33
338 483 33
338 484 33
338 485 33
338 496 33
338 498 33
338 503 33
338 508 33
338 509 33
338 514 33
338 515 33
338 516 33
338 521 33
338 522 33
338 523 33
338 525 33
338 527 33
338 528 33
338 530 33
338 546 33
338 549 33
338 550 33
338 566 33
338 568 33
338 573 33
338 582 33
338 603 33
338 607 33
338 614 33
338 631 33
338 632 33
338 636 33
338 637 33
338 640 33
338 642 33
338 649 33
338 650 33
338 655 33
338 657 33
338 661 33
338 663 33
338 673 33
338 675 33
338 678 33
338 693 33
338 702 33
338 709 33
338 719 33
338 735 33
338 737 33
338 739 33
338 770 33
338 772 33
338 806 33
338 823 33
338 845 33
338 856 33
338 939 33
338 942 33
338 961 33
339 88 5
339 173 5
339 180 3
339 186 4
339 199 5
339 204 4
339 417 5
339 418 5
339 428 1
339 588 5
339 1 33
339 15 33
339 50 33
339 66 33
339 71 33
339 143 33
339 172 33
339 174 33
339 179 33
339 181 33
339 205 33
339 215 33
339 265 33
339 274 33
339 402 33
339 405 33
339 423 33
339 435 33
339 486 33
339 502 33
339 504 33
339 520 33
339 526 33
339 584 33
339 662 33
339 946 33
340 32 5
340 125 2
340 220 1
340 357 3
340 410 3
340 478 3
340 482 5
340 815 4
340 952 3
340 974 2
340 3 33
340 4 33
340 7 33
340 8 33
340 11 33
340 13 33
340 15 33
340 23 33
340 25 33
340 26 33
340 28 33
340 47 33
340 56 33
340 58 33
340 68 33
340 92 33
340 93 33
340 95 33
340 98 33
340 100 33
340 108 33
340 111 33
340 122 33
340 123 33
340 124 33
340 129 33
340 131 33
340 132 33
340 133 33
340 134 33
340 135 33
340 143 33
340 144 33
340 156 33
340 160 33
340 174 33
340 175 33
340 179 33
340 188 33
340 189 33
340 191 33
340 192 33
340 193 33
340 194 33
340 196 33
340 197 33
340 204 33
340 208 33
340 209 33
340 212 33
340 216 33
340 223 33
340 237 33
340 238 33
340 240 33
340 248 33
340 251 33
340 255 33
340 257 33
340 262 33
340 274 33
340 276 33
340 282 33
340 286 33
340 287 33
340 288 33
340 289 33
340 294 33
340 297 33
340 298 33
340 301 33
340 319 33
340 320 33
340 326 33
340 327 33
340 367 33
340 378 33
340 381 33
340 382 33
340 408 33
340 412 33
340 421 33
340 423 33
340 427 33
340 433 33
340 461 33
340 483 33
340 487 33
340 496 33
340 499 33
340 508 33
340 517 33
340 518 33
340 523 33
340 531 33
340 535 33
340 544 33
340 547 33
340 558 33
340 574 33
340 581 33
340 584 33
340 591 33
340 606 33
340 607 33
340 654 33
340 655 33
340 656 33
340 657 33
340 663 33
340 692 33
340 699 33
340 723 33
340 724 33
340 727 33
340 732 33
340 746 33
340 756 33
340 762 33
340 764 33
340 772 33
340 789 33
340 792 33
340 813 33
340 818 33
340 844 33
340 846 33
340 866 33
340 873 33
340 875 33
340 928 33
340 950 33
340 965 33
340 975 33
341 3 4
341 88 4
341 89 3
341 130 3
341 154 5
341 175 5
341 191 5
341 238 4
341 367 4
341 458 5
341 1 33
341 4 33
341 7 33
341 8 33
341 9 33
341 10 33
341 11 33
341 12 33
341 20 33
341 23 33
341 25 33
341 26 33
341 28 33
341 38 33
341 42 33
341 44 33
341 47 33
341 48 33
341 50 33
341 52 33
341 53 33
341 55 33
341 56 33
341 57 33
341 58 33
341 62 33
341 63 33
341 65 33
341 66 33
341 67 33
341 68 33
341 69 33
341 76 33
341 77 33
341 79 33
341 81 33
341 82 33
341 83 33
341 86 33
341 87 33
341 90 33
341 97 33
341 98 33
341 100 33
341 117 33
341 118 33
341 121 33
341 124 33
341 127 33
341 132 33
341 134 33
341 135 33
341 137 33
341 143 33
341 144 33
341 147 33
341 152 33
341 153 33
341 155 33
341 156 33
341 159 33
341 163 33
341 164 33
341 168 33
341 169 33
341 174 33
341 176 33
341 177 33
341 179 33
341 180 33
341 186 33
341 187 33
341 188 33
341 189 33
341 193 33
341 194 33
341 196 33
341 197 33
341 199 33
341 200 33
341 208 33
341 211 33
341 214 33
341 223 33
341 228 33
341 229 33
341 231 33
341 234 33
341 235 33
341 236 33
341 237 33
341 241 33
341 250 33
341 257 33
341 265 33
341 269 33
341 275 33
341 276 33
341 277 33
341 283 33
341 288 33
341 297 33
341 302 33
341 303 33
341 306 33
341 318 33
341 324 33
341 333 33
341 334 33
341 357 33
341 358 33
341 371 33
341 375 33
341 382 33
341 385 33
341 405 33
341 408 33
341 410 33
341 423 33
341 427 33
341 429 33
341 435 33
341 449 33
341 461 33
341 462 33
341 463 33
341 471 33
341 473 33
341 474 33
341 475 33
341 476 33
341 483 33
341 498 33
341 499 33
341 508 33
341 510 33
341 515 33
341 521 33
341 523 33
341 527 33
341 528 33
341 530 33
341 536 33
341 546 33
341 555 33
341 559 33
341 561 33
341 568 33
341 569 33
341 581 33
341 582 33
341 606 33
341 614 33
341 631 33
341 642 33
341 654 33
341 655 33
341 657 33
341 660 33
341 684 33
341 702 33
341 703 33
341 708 33
341 712 33
341 724 33
341 727 33
341 729 33
341 739 33
341 744 33
341 747 33
341 778 33
341 786 33
341 792 33
341 823 33
341 919 33
341 921 33
341 930 33
341 931 33
341 943 33
341 950 33
341 951 33
341 961 33
341 980 33
342 7 4
342 106 2
342 148 2
342 175 5
342 213 4
342 215 3
342 274 2
342 306 5
342 372 4
342 896 4
342 1 33
342 4 33
342 5 33
342 8 33
342 9 33
342 11 33
342 12 33
342 13 33
342 14 33
342 22 33
342 25 33
342 26 33
342 39 33
342 45 33
342 58 33
342 70 33
342 71 33
342 73 33
342 79 33
342 86 33
342 87 33
342 88 33
342 89 33
342 95 33
342 96 33
342 97 33
342 98 33
342 111 33
342 118 33
342 119 33
342 121 33
342 122 33
342 124 33
342 125 33
342 127 33
342 129 33
342 132 33
342 137 33
342 151 33
342 169 33
342 172 33
342 174 33
342 176 33
342 181 33
342 183 33
342 190 33
342 191 33
342 195 33
342 196 33
342 198 33
342 202 33
342 203 33
342 204 33
342 208 33
342 210 33
342 216 33
342 222 33
342 228 33
342 235 33
342 237 33
342 244 33
342 245 33
342 246 33
342 248 33
342 251 33
342 255 33
342 268 33
342 269 33
342 272 33
342 273 33
342 275 33
342 276 33
342 278 33
342 280 33
342 281 33
342 283 33
342 284 33
342 285 33
342 286 33
342 288 33
342 291 33
342 295 33
342 297 33
342 298 33
342 301 33
342 303 33
342 304 33
342 311 33
342 313 33
342 315 33
342 316 33
342 322 33
342 357 33
342 367 33
342 385 33
342 405 33
342 421 33
342 433 33
342 451 33
342 459 33
342 462 33
342 471 33
342 472 33
342 476 33
342 477 33
342 478 33
342 479 33
342 486 33
342 487 33
342 494 33
342 508 33
342 509 33
342 511 33
342 516 33
342 535 33
342 537 33
342 559 33
342 562 33
342 568 33
342 597 33
342 619 33
342 647 33
342 660 33
342 663 33
342 678 33
342 684 33
342 694 33
342 696 33
342 707 33
342 708 33
342 709 33
342 713 33
342 716 33
342 742 33
342 751 33
342 764 33
342 815 33
342 844 33
342 845 33
342 864 33
342 926 33
342 928 33
342 955 33
342 972 33
343 13 4
343 14 4
343 70 5
343 121 3
343 234 4
343 258 4
343 274 3
343 325 1
343 724 5
343 762 5
343 1 33
343 4 33
343 5 33
343 9 33
343 11 33
343 15 33
343 25 33
343 26 33
343 28 33
343 33 33
343 43 33
343 44 33
343 48 33
343 49 33
343 50 33
343 51 33
343 56 33
343 64 33
343 65 33
343 66 33
343 69 33
343 71 33
343 77 33
343 79 33
343 81 33
343 87 33
343 88 33
343 93 33
343 98 33
343 100 33
343 111 33
343 117 33
343 118 33
343 124 33
343 125 33
343 126 33
343 131 33
343 132 33
343 137 33
343 143 33
343 148 33
343 151 33
343 170 33
343 172 33
343 173 33
343 174 33
343 191 33
343 196 33
343 197 33
343 202 33
343 204 33
343 216 33
343 220 33
343 221 33
343 223 33
343 226 33
343 235 33
343 237 33
343 239 33
343 241 33
343 245 33
343 246 33
343 251 33
343 255 33
343 262 33
343 268 33
343 269 33
343 272 33
343 278 33
343 280 33
343 282 33
343 283 33
343 284 33
343 285 33
343 287 33
343 288 33
343 289 33
343 291 33
343 293 33
343 294 33
343 295 33
343 297 33
343 298 33
343 300 33
343 301 33
343 302 33
343 303 33
343 305 33
343 311 33
343 312 33
343 313 33
343 315 33
343 317 33
343 323 33
343 332 33
343 333 33
343 356 33
343 365 33
343 367 33
343 378 33
343 381 33
343 382 33
343 387 33
343 402 33
343 403 33
343 405 33
343 416 33
343 433 33
343 443 33
343 451 33
343 461 33
343 464 33
343 471 33
343 473 33
343 476 33
343 479 33
343 481 33
343 485 33
343 498 33
343 508 33
343 518 33
343 534 33
343 535 33
343 550 33
343 559 33
343 566 33
343 568 33
343 582 33
343 588 33
343 620 33
343 639 33
343 651 33
343 655 33
343 660 33
343 676 33
343 696 33
343 702 33
343 708 33
343 709 33
343 715 33
343 716 33
343 722 33
343 732 33
343 736 33
343 737 33
343 738 33
343 739 33
343 742 33
343 744 33
343 747 33
343 748 33
343 772 33
343 781 33
343 845 33
343 846 33
343 866 33
343 879 33
343 886 33
343 903 33
343 919 33
343 949 33
343 955 33
343 956 33
343 972 33
343 988 33
344 50 5
344 89 4
344 110 2
344 180 5
344 240 1
344 394 4
344 550 4
344 597 3
344 742 4
344 967 2
344 2 33
344 3 33
344 4 33
344 7 33
344 11 33
344 12 33
344 17 33
344 22 33
344 29 33
344 31 33
344 33 33
344 38 33
344 53 33
344 54 33
344 55 33
344 56 33
344 62 33
344 64 33
344 67 33
344 72 33
344 76 33
344 77 33
344 83 33
344 91 33
344 92 33
344 94 33
344 97 33
344 98 33
344 100 33
344 117 33
344 120 33
344 121 33
344 127 33
344 128 33
344 132 33
344 133 33
344 134 33
344 141 33
344 143 33
344 144 33
344 147 33
344 153 33
344 156 33
344 157 33
344 158 33
344 161 33
344 167 33
344 168 33
344 172 33
344 173 33
344 174 33
344 176 33
344 181 33
344 183 33
344 184 33
344 186 33
344 187 33
344 188 33
344 203 33
344 204 33
344 210 33
344 211 33
344 213 33
344 215 33
344 216 33
344 218 33
344 219 33
344 232 33
344 234 33
344 237 33
344 241 33
344 245 33
344 250 33
344 259 33
344 265 33
344 273 33
344 276 33
344 288 33
344 291 33
344 293 33
344 294 33
344 300 33
344 302 33
344 318 33
344 322 33
344 325 33
344 333 33
344 358 33
344 363 33
344 366 33
344 369 33
344 375 33
344 385 33
344 391 33
344 392 33
344 403 33
344 405 33
344 415 33
344 423 33
344 431 33
344 455 33
344 470 33
344 496 33
344 518 33
344 520 33
344 541 33
344 546 33
344 549 33
344 561 33
344 569 33
344 571 33
344 572 33
344 576 33
344 578 33
344 582 33
344 616 33
344 636 33
344 642 33
344 657 33
344 669 33
344 673 33
344 684 33
344 685 33
344 708 33
344 712 33
344 727 33
344 732 33
344 739 33
344 743 33
344 746 33
344 748 33
344 780 33
344 785 33
344 802 33
344 809 33
344 831 33
344 842 33
344 879 33
344 932 33
344 944 33
344 951 33
344 959 33
344 977 33
345 65 2
345 69 5
345 98 5
345 202 4
345 216 3
345 223 4
345 230 4
345 241 3
345 291 5
345 471 4
345 1 33
345 7 33
345 12 33
345 15 33
345 17 33
345 22 33
345 24 33
345 25 33
345 28 33
345 31 33
345 50 33
345 55 33
345 56 33
345 68 33
345 70 33
345 73 33
345 76 33
345 77 33
345 79 33
345 82 33
345 85 33
345 87 33
345 91 33
345 96 33
345 97 33
345 99 33
345 100 33
345 117 33
345 118 33
345 125 33
345 127 33
345 132 33
345 137 33
345 144 33
345 151 33
345 156 33
345 157 33
345 158 33
345 159 33
345 163 33
345 164 33
345 168 33
345 172 33
345 173 33
345 174 33
345 176 33
345 177 33
345 181 33
345 182 33
345 183 33
345 187 33
345 188 33
345 192 33
345 195 33
345 200 33
345 203 33
345 204 33
345 208 33
345 215 33
345 222 33
345 226 33
345 227 33
345 233 33
345 235 33
345 239 33
345 240 33
345 245 33
345 246 33
345 252 33
345 257 33
345 258 33
345 268 33
345 271 33
345 273 33
345 276 33
345 280 33
345 286 33
345 288 33
345 290 33
345 293 33
345 294 33
345 298 33
345 300 33
345 317 33
345 318 33
345 323 33
345 324 33
345 328 33
345 333 33
345 356 33
345 369 33
345 371 33
345 385 33
345 386 33
345 392 33
345 403 33
345 404 33
345 405 33
345 410 33
345 416 33
345 423 33
345 432 33
345 435 33
345 460 33
345 462 33
345 465 33
345 468 33
345 470 33
345 472 33
345 475 33
345 501 33
345 508 33
345 544 33
345 550 33
345 568 33
345 588 33
345 595 33
345 597 33
345 609 33
345 655 33
345 660 33
345 685 33
345 686 33
345 689 33
345 692 33
345 699 33
345 721 33
345 735 33
345 742 33
345 756 33
345 763 33
345 806 33
345 819 33
345 820 33
345 827 33
345 829 33
345 831 33
345 841 33
345 871 33
345 879 33
345 928 33
345 930 33
345 943 33
345 959 33
345 977 33
345 982 33
346 123 5
346 243 3
346 245 4
346 291 4
346 313 5
346 405 4
346 406 4
346 477 3
346 756 4
346 934 4
346 1 33
346 7 33
346 15 33
346 25 33
346 100 33
346 107 33
346 111 33
346 118 33
346 121 33
346 126 33
346 147 33
346 225 33
346 240 33
346 276 33
346 288 33
346 294 33
346 323 33
346 368 33
346 370 33
346 409 33
346 411 33
346 412 33
346 472 33
346 473 33
346 476 33
346 546 33
346 628 33
346 742 33
346 819 33
346 831 33
346 834 33
346 924 33
346 926 33
346 928 33
346 974 33
346 975 33
346 988 33
347 15 4
347 20 5
347 100 4
347 105 2
347 120 3
347 276 5
347 288 3
347 411 4
347 544 4
347 823 4
347 9 33
347 10 33
347 118 33
347 121 33
347 125 33
347 126 33
347 237 33
347 325 33
347 370 33
347 412 33
347 455 33
347 458 33
347 471 33
347 475 33
347 596 33
347 744 33
347 847 33
348 50 5
348 153 3
348 173 4
348 174 5
348 179 5
348 185 5
348 211 2
348 258 3
348 286 5
348 515 5
348 1 33
348 23 33
348 89 33
348 98 33
348 132 33
348 133 33
348 136 33
348 168 33
348 172 33
348 176 33
348 183 33
348 193 33
348 195 33
348 204 33
348 210 33
348 214 33
348 228 33
348 265 33
348 271 33
348 324 33
348 340 33
348 435 33
348 479 33
348 480 33
348 483 33
348 489 33
348 530 33
348 589 33
348 604 33
348 616 33
348 654 33
348 657 33
349 245 3
349 286 5
349 311 4
349 322 5
349 323 5
349 328 4
349 340 1
349 678 4
349 689 4
349 751 4
349 288 33
349 289 33
349 292 33
349 300 33
349 301 33
349 310 33
349 312 33
349 313 33
349 326 33
349 327 33
349 332 33
349 341 33
349 343 33
349 359 33
349 538 33
349 748 33
349 750 33
349 754 33
349 873 33
349 879 33
349 880 33
349 882 33
349 888 33
349 984 33
349 989 33
349 990 33
350 50 5
350 82 3
350 100 4
350 172 5
350 176 5
350 181 4
350 183 5
350 273 2
350 653 3
350 746 4
350 4 33
350 7 33
350 12 33
350 17 33
350 39 33
350 55 33
350 56 33
350 79 33
350 86 33
350 89 33
350 92 33
350 96 33
350 98 33
350 129 33
350 144 33
350 156 33
350 173 33
350 182 33
350 194 33
350 195 33
350 216 33
350 228 33
350 234 33
350 302 33
350 385 33
350 568 33
350 657 33
350 692 33
351 258 5
351 270 2
351 286 5
351 301 3
351 316 5
351 331 4
351 340 4
351 346 4
351 358 1
351 750 4
351 245 33
351 260 33
351 271 33
351 272 33
351 300 33
351 315 33
351 326 33
351 327 33
351 328 33
351 332 33
351 333 33
351 343 33
351 905 33
352 89 4
352 98 3
352 241 3
352 285 5
352 321 2
352 419 4
352 528 5
352 602 3
352 664 5
352 955 3
352 7 33
352 9 33
352 14 33
352 19 33
352 20 33
352 25 33
352 32 33
352 42 33
352 47 33
352 50 33
352 52 33
352 57 33
352 58 33
352 59 33
352 60 33
352 61 33
352 66 33
352 70 33
352 79 33
352 81 33
352 83 33
352 86 33
352 87 33
352 88 33
352 93 33
352 100 33
352 109 33
352 116 33
352 124 33
352 131 33
352 133 33
352 134 33
352 135 33
352 136 33
352 137 33
352 143 33
352 149 33
352 151 33
352 152 33
352 153 33
352 154 33
352 155 33
352 162 33
352 166 33
352 168 33
352 169 33
352 171 33
352 173 33
352 174 33
352 175 33
352 180 33
352 186 33
352 189 33
352 190 33
352 191 33
352 193 33
352 197 33
352 199 33
352 202 33
352 208 33
352 209 33
352 211 33
352 213 33
352 216 33
352 238 33
352 242 33
352 246 33
352 248 33
352 251 33
352 255 33
352 257 33
352 258 33
352 268 33
352 269 33
352 270 33
352 272 33
352 275 33
352 276 33
352 281 33
352 286 33
352 287 33
352 297 33
352 303 33
352 305 33
352 306 33
352 308 33
352 311 33
352 313 33
352 318 33
352 344 33
352 381 33
352 382 33
352 387 33
352 414 33
352 421 33
352 423 33
352 428 33
352 429 33
352 435 33
352 462 33
352 463 33
352 464 33
352 473 33
352 478 33
352 479 33
352 480 33
352 483 33
352 485 33
352 487 33
352 489 33
352 494 33
352 496 33
352 497 33
352 498 33
352 507 33
352 508 33
352 509 33
352 511 33
352 513 33
352 515 33
352 516 33
352 518 33
352 520 33
352 529 33
352 531 33
352 533 33
352 558 33
352 582 33
352 584 33
352 603 33
352 604 33
352 605 33
352 606 33
352 607 33
352 629 33
352 631 33
352 638 33
352 650 33
352 651 33
352 652 33
352 657 33
352 659 33
352 660 33
352 661 33
352 692 33
352 694 33
352 699 33
352 702 33
352 705 33
352 707 33
352 709 33
352 716 33
352 732 33
352 733 33
352 735 33
352 736 33
352 737 33
352 740 33
352 753 33
352 792 33
352 811 33
352 847 33
352 855 33
352 863 33
352 865 33
352 882 33
352 889 33
352 900 33
352 904 33
352 929 33
352 953 33
352 956 33
352 958 33
352 962 33
353 260 4
353 271 3
353 286 5
353 306 4
353 307 4
353 310 4
353 324 4
353 336 4
353 358 4
353 872 4
353 242 33
353 264 33
353 288 33
353 300 33
353 328 33
353 329 33
353 360 33
353 681 33
353 882 33
354 286 3
354 300 3
354 307 4
354 310 3
354 312 3
354 315 4
354 331 3
354 347 4
354 892 1
354 937 2
354 272 33
354 292 33
354 313 33
354 316 33
354 326 33
354 328 33
354 333 33
354 689 33
354 748 33
355 111 5
355 235 4
355 237 5
355 287 4
355 294 4
355 304 5
355 597 4
355 685 3
355 864 5
355 928 4
355 1 33
355 7 33
355 10 33
355 24 33
355 105 33
355 117 33
355 118 33
355 123 33
355 125 33
355 126 33
355 147 33
355 150 33
355 151 33
355 220 33
355 222 33
355 245 33
355 258 33
355 270 33
355 273 33
355 274 33
355 275 33
355 280 33
355 284 33
355 291 33
355 322 33
355 326 33
355 334 33
355 405 33
355 407 33
355 411 33
355 455 33
355 456 33
355 471 33
355 472 33
355 473 33
355 476 33
355 546 33
355 595 33
355 687 33
355 713 33
355 742 33
355 744 33
355 760 33
355 819 33
355 820 33
355 831 33
355 833 33
355 866 33
355 932 33
355 977 33
355 984 33
356 59 4
356 382 2
356 469 4
356 482 2
356 512 5
356 529 3
356 558 4
356 666 3
356 863 5
356 918 1
356 8 33
356 65 33
356 127 33
356 132 33
356 174 33
356 179 33
356 213 33
356 268 33
356 318 33
356 324 33
356 357 33
356 511 33
356 582 33
356 584 33
356 638 33
356 639 33
356 643 33
356 855 33
356 896 33
357 1 4
357 24 3
357 121 4
357 246 3
357 273 4
357 286 5
357 295 3
357 408 5
357 455 4
357 546 3
357 7 33
357 117 33
357 118 33
357 181 33
357 250 33
357 268 33
357 270 33
357 298 33
357 313 33
357 323 33
357 405 33
357 472 33
357 748 33
357 751 33
357 831 33
358 23 5
358 56 4
358 172 4
358 199 5
358 248 4
358 303 3
358 334 4
358 405 3
358 515 4
358 663 4
358 1 33
358 10 33
358 13 33
358 14 33
358 25 33
358 28 33
358 45 33
358 50 33
358 64 33
358 79 33
358 100 33
358 116 33
358 124 33
358 127 33
358 134 33
358 157 33
358 165 33
358 166 33
358 170 33
358 174 33
358 181 33
358 187 33
358 191 33
358 194 33
358 195 33
358 197 33
358 205 33
358 207 33
358 210 33
358 222 33
358 237 33
358 238 33
358 242 33
358 251 33
358 269 33
358 271 33
358 275 33
358 283 33
358 284 33
358 286 33
358 297 33
358 302 33
358 304 33
358 306 33
358 308 33
358 309 33
358 321 33
358 326 33
358 328 33
358 357 33
358 423 33
358 479 33
358 483 33
358 496 33
358 511 33
358 521 33
358 523 33
358 531 33
358 582 33
358 588 33
358 654 33
358 661 33
358 735 33
358 744 33
358 748 33
358 845 33
358 933 33
358 936 33
358 963 33
359 86 4
359 179 4
359 216 5
359 275 4
359 402 3
359 513 5
359 611 4
359 705 5
359 781 2
359 813 4
359 12 33
359 14 33
359 23 33
359 26 33
359 49 33
359 53 33
359 55 33
359 56 33
359 59 33
359 60 33
359 66 33
359 70 33
359 79 33
359 83 33
359 88 33
359 90 33
359 97 33
359 98 33
359 100 33
359 111 33
359 129 33
359 148 33
359 150 33
359 156 33
359 165 33
359 166 33
359 168 33
359 170 33
359 173 33
359 176 33
359 178 33
359 183 33
359 185 33
359 186 33
359 190 33
359 197 33
359 203 33
359 204 33
359 207 33
359 212 33
359 213 33
359 218 33
359 222 33
359 228 33
359 234 33
359 237 33
359 238 33
359 258 33
359 269 33
359 273 33
359 274 33
359 276 33
359 286 33
359 333 33
359 340 33
359 387 33
359 421 33
359 430 33
359 435 33
359 451 33
359 466 33
359 475 33
359 498 33
359 502 33
359 504 33
359 514 33
359 517 33
359 524 33
359 525 33
359 531 33
359 639 33
359 652 33
359 654 33
359 655 33
359 657 33
359 659 33
359 673 33
359 684 33
359 694 33
359 707 33
359 709 33
359 727 33
359 737 33
359 739 33
359 742 33
359 762 33
359 770 33
359 794 33
359 934 33
359 949 33
360 258 4
360 264 1
360 288 4
360 294 3
360 300 5
360 322 3
360 328 2
360 332 5
360 350 5
360 748 1
360 245 33
360 268 33
360 302 33
360 312 33
360 313 33
360 323 33
360 333 33
360 336 33
360 689 33
361 77 2
361 163 3
361 171 5
361 217 2
361 264 3
361 298 5
361 333 1
361 429 5
361 537 1
361 591 4
361 1 33
361 2 33
361 4 33
361 5 33
361 7 33
361 9 33
361 11 33
361 22 33
361 29 33
361 32 33
361 37 33
361 38 33
361 44 33
361 47 33
361 50 33
361 54 33
361 55 33
361 56 33
361 58 33
361 62 33
361 65 33
361 66 33
361 67 33
361 68 33
361 69 33
361 70 33
361 71 33
361 72 33
361 73 33
361 79 33
361 81 33
361 82 33
361 87 33
361 88 33
361 89 33
361 90 33
361 91 33
361 93 33
361 95 33
361 96 33
361 97 33
361 98 33
361 101 33
361 102 33
361 114 33
361 117 33
361 120 33
361 121 33
361 128 33
361 134 33
361 137 33
361 143 33
361 144 33
361 145 33
361 151 33
361 152 33
361 154 33
361 155 33
361 156 33
361 159 33
361 161 33
361 164 33
361 169 33
361 172 33
361 173 33
361 174 33
361 179 33
361 182 33
361 183 33
361 184 33
361 185 33
361 186 33
361 187 33
361 188 33
361 189 33
361 193 33
361 195 33
361 196 33
361 200 33
361 201 33
361 204 33
361 206 33
361 208 33
361 210 33
361 212 33
361 215 33
361 216 33
361 218 33
361 222 33
361 226 33
361 227 33
361 228 33
361 229 33
361 231 33
361 234 33
361 235 33
361 237 33
361 248 33
361 250 33
361 258 33
361 265 33
361 270 33
361 271 33
361 282 33
361 283 33
361 284 33
361 288 33
361 290 33
361 293 33
361 307 33
361 315 33
361 316 33
361 317 33
361 322 33
361 325 33
361 328 33
361 336 33
361 346 33
361 347 33
361 350 33
361 351 33
361 366 33
361 370 33
361 380 33
361 387 33
361 391 33
361 393 33
361 402 33
361 403 33
361 405 33
361 408 33
361 417 33
361 423 33
361 426 33
361 428 33
361 431 33
361 433 33
361 435 33
361 443 33
361 444 33
361 448 33
361 449 33
361 451 33
361 461 33
361 469 33
361 472 33
361 473 33
361 474 33
361 505 33
361 506 33
361 511 33
361 518 33
361 523 33
361 531 33
361 546 33
361 550 33
361 552 33
361 554 33
361 555 33
361 557 33
361 559 33
361 561 33
361 566 33
361 568 33
361 569 33
361 571 33
361 572 33
361 575 33
361 578 33
361 588 33
361 590 33
361 597 33
361 603 33
361 616 33
361 625 33
361 631 33
361 640 33
361 650 33
361 651 33
361 653 33
361 657 33
361 658 33
361 660 33
361 665 33
361 673 33
361 675 33
361 678 33
361 679 33
361 682 33
361 685 33
361 691 33
361 698 33
361 699 33
361 707 33
361 709 33
361 710 33
361 719 33
361 735 33
361 741 33
361 742 33
361 746 33
361 747 33
361 752 33
361 760 33
361 761 33
361 767 33
361 774 33
361 778 33
361 792 33
361 802 33
361 805 33
361 809 33
361 816 33
361 825 33
361 831 33
361 849 33
361 854 33
361 859 33
361 895 33
361 906 33
361 919 33
361 933 33
361 940 33
361 946 33
361 959 33
361 979 33
362 261 2
362 262 3
362 269 4
362 286 5
362 288 4
362 294 5
362 319 3
362 325 4
362 690 4
362 990 4
362 289 33
362 302 33
362 321 33
362 875 33
362 948 33
362 988 33
363 13 3
363 151 4
363 269 4
363 285 4
363 326 2
363 342 2
363 476 4
363 846 3
363 948 1
363 995 4
363 1 33
363 7 33
363 15 33
363 25 33
363 100 33
363 109 33
363 124 33
363 125 33
363 137 33
363 150 33
363 222 33
363 235 33
363 258 33
363 268 33
363 271 33
363 272 33
363 275 33
363 276 33
363 277 33
363 287 33
363 288 33
363 289 33
363 294 33
363 301 33
363 309 33
363 315 33
363 316 33
363 321 33
363 340 33
363 352 33
363 473 33
363 591 33
363 742 33
363 762 33
363 813 33
363 894 33
363 895 33
363 908 33
364 7 2
364 164 5
364 185 5
364 218 3
364 413 4
364 436 5
364 447 5
364 448 5
364 561 5
364 854 5
364 53 33
364 56 33
364 98 33
364 184 33
364 200 33
364 201 33
364 217 33
364 219 33
364 234 33
364 443 33
364 445 33
364 559 33
364 573 33
364 671 33
364 672 33
364 853 33
364 860 33
365 5 4
365 56 5
365 179 5
365 219 4
365 246 4
365 441 3
365 559 4
365 561 4
365 567 4
365 637 3
365 7 33
365 17 33
365 50 33
365 53 33
365 98 33
365 100 33
365 145 33
365 164 33
365 176 33
365 183 33
365 184 33
365 200 33
365 201 33
365 218 33
365 234 33
365 250 33
365 258 33
365 288 33
365 302 33
365 324 33
365 326 33
365 333 33
365 334 33
365 379 33
365 406 33
365 413 33
365 436 33
365 443 33
365 448 33
365 452 33
365 551 33
365 563 33
365 564 33
365 665 33
365 670 33
365 672 33
365 760 33
365 769 33
365 774 33
365 800 33
365 919 33
366 50 4
366 145 2
366 181 4
366 288 3
366 436 3
366 551 4
366 561 2
366 569 3
366 637 2
366 670 3
366 11 33
366 17 33
366 56 33
366 89 33
366 96 33
366 98 33
366 100 33
366 127 33
366 183 33
366 184 33
366 201 33
366 217 33
366 218 33
366 219 33
366 234 33
366 292 33
366 313 33
366 320 33
366 379 33
366 396 33
366 567 33
366 672 33
366 774 33
366 777 33
367 166 4
367 179 4
367 243 3
367 268 5
367 346 4
367 752 4
367 890 3
367 900 4
367 919 5
367 948 2
367 50 33
367 114 33
367 168 33
367 172 33
367 181 33
367 271 33
367 316 33
367 358 33
367 751 33
367 988 33
368 42 3
368 56 2
368 134 4
368 183 4
368 222 3
368 294 1
368 321 2
368 323 2
368 511 4
368 856 3
368 12 33
368 22 33
368 31 33
368 50 33
368 52 33
368 64 33
368 98 33
368 100 33
368 107 33
368 114 33
368 116 33
368 135 33
368 136 33
368 153 33
368 172 33
368 174 33
368 175 33
368 176 33
368 181 33
368 193 33
368 195 33
368 199 33
368 209 33
368 210 33
368 238 33
368 257 33
368 265 33
368 269 33
368 285 33
368 322 33
368 423 33
368 425 33
368 433 33
368 435 33
368 443 33
368 480 33
368 484 33
368 493 33
368 494 33
368 497 33
368 514 33
368 525 33
368 603 33
368 604 33
368 607 33
368 608 33
368 613 33
368 631 33
368 657 33
368 659 33
368 661 33
368 678 33
368 705 33
368 923 33
369 24 4
369 42 3
369 50 4
369 117 3
369 175 1
369 183 5
369 237 5
369 431 5
369 523 4
369 627 4
369 1 33
369 22 33
369 55 33
369 64 33
369 69 33
369 77 33
369 79 33
369 97 33
369 98 33
369 174 33
369 177 33
369 179 33
369 180 33
369 181 33
369 185 33
369 186 33
369 194 33
369 197 33
369 210 33
369 234 33
369 265 33
369 357 33
369 393 33
369 423 33
369 435 33
369 443 33
369 449 33
369 452 33
369 504 33
369 527 33
369 655 33
369 663 33
369 746 33
370 12 4
370 77 5
370 98 5
370 100 3
370 148 5
370 219 5
370 322 3
370 332 4
370 446 4
370 649 3
370 5 33
370 23 33
370 44 33
370 56 33
370 79 33
370 129 33
370 159 33
370 164 33
370 176 33
370 183 33
370 185 33
370 200 33
370 201 33
370 218 33
370 262 33
370 286 33
370 288 33
370 299 33
370 325 33
370 327 33
370 333 33
370 436 33
370 441 33
370 443 33
370 447 33
370 448 33
370 452 33
370 547 33
370 559 33
370 561 33
370 574 33
370 581 33
370 595 33
370 628 33
370 635 33
370 637 33
370 672 33
370 674 33
370 678 33
370 696 33
370 874 33
370 875 33
371 28 3
371 71 5
371 186 5
371 191 4
371 265 4
371 432 5
371 514 4
371 625 4
371 707 4
371 734 3
371 2 33
371 4 33
371 12 33
371 15 33
371 20 33
371 22 33
371 24 33
371 25 33
371 31 33
371 48 33
371 50 33
371 58 33
371 64 33
371 66 33
371 68 33
371 70 33
371 80 33
371 81 33
371 82 33
371 83 33
371 89 33
371 90 33
371 94 33
371 95 33
371 96 33
371 97 33
371 99 33
371 100 33
371 102 33
371 105 33
371 110 33
371 114 33
371 117 33
371 127 33
371 132 33
371 136 33
371 139 33
371 142 33
371 143 33
371 144 33
371 150 33
371 151 33
371 154 33
371 155 33
371 156 33
371 161 33
371 162 33
371 163 33
371 165 33
371 166 33
371 169 33
371 172 33
371 173 33
371 175 33
371 177 33
371 179 33
371 180 33
371 181 33
371 184 33
371 189 33
371 194 33
371 195 33
371 196 33
371 197 33
371 202 33
371 204 33
371 206 33
371 208 33
371 209 33
371 210 33
371 211 33
371 213 33
371 214 33
371 215 33
371 217 33
371 225 33
371 226 33
371 228 33
371 230 33
371 232 33
371 239 33
371 241 33
371 259 33
371 269 33
371 275 33
371 278 33
371 281 33
371 286 33
371 290 33
371 318 33
371 357 33
371 366 33
371 378 33
371 380 33
371 382 33
371 385 33
371 386 33
371 389 33
371 390 33
371 392 33
371 393 33
371 399 33
371 401 33
371 402 33
371 403 33
371 404 33
371 409 33
371 414 33
371 417 33
371 418 33
371 420 33
371 421 33
371 423 33
371 427 33
371 431 33
371 433 33
371 435 33
371 451 33
371 472 33
371 474 33
371 480 33
371 485 33
371 487 33
371 488 33
371 494 33
371 496 33
371 497 33
371 499 33
371 506 33
371 510 33
371 520 33
371 527 33
371 550 33
371 553 33
371 559 33
371 566 33
371 568 33
371 571 33
371 577 33
371 588 33
371 596 33
371 598 33
371 603 33
371 627 33
371 633 33
371 645 33
371 648 33
371 649 33
371 651 33
371 655 33
371 658 33
371 660 33
371 679 33
371 694 33
371 699 33
371 704 33
371 705 33
371 709 33
371 715 33
371 724 33
371 727 33
371 729 33
371 732 33
371 746 33
371 747 33
371 748 33
371 756 33
371 778 33
371 828 33
371 842 33
371 843 33
371 849 33
371 941 33
371 946 33
371 949 33
372 12 4
372 38 4
372 87 5
372 182 5
372 183 4
372 292 4
372 318 2
372 735 5
372 963 5
372 983 2
372 1 33
372 2 33
372 5 33
372 7 33
372 9 33
372 11 33
372 15 33
372 17 33
372 23 33
372 24 33
372 28 33
372 29 33
372 39 33
372 48 33
372 50 33
372 56 33
372 64 33
372 66 33
372 68 33
372 69 33
372 70 33
372 71 33
372 77 33
372 89 33
372 95 33
372 97 33
372 98 33
372 100 33
372 106 33
372 111 33
372 116 33
372 118 33
372 120 33
372 121 33
372 122 33
372 123 33
372 124 33
372 125 33
372 126 33
372 127 33
372 129 33
372 135 33
372 143 33
372 144 33
372 147 33
372 148 33
372 150 33
372 151 33
372 156 33
372 159 33
372 161 33
372 162 33
372 168 33
372 172 33
372 173 33
372 174 33
372 176 33
372 185 33
372 186 33
372 192 33
372 195 33
372 197 33
372 200 33
372 202 33
372 204 33
372 210 33
372 216 33
372 218 33
372 222 33
372 223 33
372 225 33
372 226 33
372 228 33
372 229 33
372 230 33
372 231 33
372 233 33
372 234 33
372 235 33
372 237 33
372 240 33
372 247 33
372 248 33
372 252 33
372 254 33
372 257 33
372 265 33
372 279 33
372 280 33
372 282 33
372 284 33
372 289 33
372 291 33
372 310 33
372 322 33
372 323 33
372 356 33
372 363 33
372 369 33
372 385 33
372 393 33
372 403 33
372 405 33
372 412 33
372 423 33
372 424 33
372 427 33
372 449 33
372 450 33
372 454 33
372 458 33
372 463 33
372 465 33
372 466 33
372 467 33
372 468 33
372 475 33
372 476 33
372 483 33
372 521 33
372 527 33
372 540 33
372 544 33
372 550 33
372 552 33
372 554 33
372 558 33
372 566 33
372 568 33
372 572 33
372 576 33
372 581 33
372 591 33
372 619 33
372 620 33
372 628 33
372 637 33
372 642 33
372 651 33
372 665 33
372 685 33
372 692 33
372 696 33
372 717 33
372 741 33
372 742 33
372 743 33
372 756 33
372 758 33
372 761 33
372 762 33
372 763 33
372 770 33
372 789 33
372 815 33
372 819 33
372 820 33
372 824 33
372 832 33
372 844 33
372 845 33
372 846 33
372 872 33
372 880 33
372 924 33
372 928 33
372 930 33
372 931 33
372 932 33
372 934 33
372 948 33
372 952 33
372 974 33
372 975 33
372 977 33
372 978 33
372 979 33
372 986 33
373 44 3
373 302 5
373 356 4
373 525 4
373 566 4
373 573 4
373 603 4
373 770 3
373 773 3
373 939 3
373 5 33
373 39 33
373 77 33
373 176 33
373 183 33
373 185 33
373 218 33
373 233 33
373 288 33
373 300 33
373 443 33
373 583 33
373 684 33
373 761 33
374 111 4
374 269 5
374 288 3
374 321 3
374 328 3
374 357 4
374 427 4
374 514 4
374 663 3
374 707 4
374 11 33
374 14 33
374 98 33
374 154 33
374 181 33
374 197 33
374 198 33
374 223 33
374 237 33
374 246 33
374 268 33
374 274 33
374 275 33
374 289 33
374 301 33
374 603 33
374 762 33
375 7 4
375 154 5
375 200 5
375 271 4
375 272 5
375 338 3
375 358 3
375 682 3
375 748 4
375 751 3
375 56 33
375 98 33
375 100 33
375 164 33
375 168 33
375 173 33
375 194 33
375 219 33
375 234 33
375 258 33
375 268 33
375 288 33
375 313 33
375 316 33
375 323 33
375 354 33
375 443 33
375 508 33
375 895 33
376 231 3
376 433 4
376 468 5
376 606 5
376 684 3
376 696 3
376 699 4
376 723 3
376 739 4
376 775 3
376 1 33
376 2 33
376 4 33
376 5 33
376 7 33
376 8 33
376 9 33
376 10 33
376 11 33
376 12 33
376 13 33
376 14 33
376 15 33
376 21 33
376 22 33
376 28 33
376 29 33
376 31 33
376 40 33
376 42 33
376 43 33
376 48 33
376 49 33
376 50 33
376 52 33
376 53 33
376 54 33
376 58 33
376 59 33
376 62 33
376 63 33
376 65 33
376 66 33
376 68 33
376 70 33
376 73 33
376 77 33
376 79 33
376 86 33
376 87 33
376 88 33
376 89 33
376 91 33
376 94 33
376 95 33
376 99 33
376 100 33
376 106 33
376 110 33
376 111 33
376 117 33
376 121 33
376 123 33
376 125 33
376 126 33
376 132 33
376 133 33
376 135 33
376 141 33
376 143 33
376 144 33
376 148 33
376 151 33
376 153 33
376 155 33
376 157 33
376 159 33
376 161 33
376 162 33
376 167 33
376 172 33
376 173 33
376 174 33
376 175 33
376 176 33
376 179 33
376 180 33
376 181 33
376 182 33
376 186 33
376 191 33
376 194 33
376 195 33
376 196 33
376 197 33
376 200 33
376 202 33
376 203 33
376 207 33
376 210 33
376 213 33
376 215 33
376 217 33
376 218 33
376 220 33
376 222 33
376 223 33
376 226 33
376 227 33
376 230 33
376 233 33
376 234 33
376 235 33
376 237 33
376 239 33
376 241 33
376 245 33
376 248 33
376 252 33
376 254 33
376 255 33
376 257 33
376 258 33
376 269 33
376 272 33
376 273 33
376 274 33
376 275 33
376 276 33
376 277 33
376 280 33
376 281 33
376 282 33
376 283 33
376 284 33
376 285 33
376 286 33
376 288 33
376 289 33
376 294 33
376 295 33
376 298 33
376 300 33
376 301 33
376 302 33
376 304 33
376 317 33
376 318 33
376 319 33
376 321 33
376 326 33
376 328 33
376 356 33
376 365 33
376 367 33
376 380 33
376 381 33
376 382 33
376 385 33
376 386 33
376 387 33
376 392 33
376 393 33
376 396 33
376 401 33
376 403 33
376 404 33
376 405 33
376 409 33
376 410 33
376 411 33
376 417 33
376 418 33
376 419 33
376 420 33
376 423 33
376 432 33
376 435 33
376 447 33
376 449 33
376 450 33
376 451 33
376 458 33
376 465 33
376 469 33
376 471 33
376 476 33
376 479 33
376 482 33
376 485 33
376 496 33
376 500 33
376 501 33
376 508 33
376 509 33
376 517 33
376 527 33
376 528 33
376 542 33
376 546 33
376 549 33
376 554 33
376 559 33
376 566 33
376 568 33
376 572 33
376 575 33
376 576 33
376 582 33
376 591 33
376 596 33
376 597 33
376 619 33
376 620 33
376 623 33
376 629 33
376 631 33
376 632 33
376 635 33
376 636 33
376 651 33
376 655 33
376 663 33
376 665 33
376 674 33
376 686 33
376 692 33
376 693 33
376 694 33
376 702 33
376 703 33
376 707 33
376 708 33
376 709 33
376 715 33
376 716 33
376 720 33
376 722 33
376 724 33
376 727 33
376 729 33
376 731 33
376 732 33
376 734 33
376 736 33
376 742 33
376 744 33
376 747 33
376 755 33
376 756 33
376 762 33
376 768 33
376 778 33
376 780 33
376 787 33
376 792 33
376 793 33
376 796 33
376 806 33
376 807 33
376 845 33
376 866 33
376 875 33
376 896 33
376 918 33
376 921 33
376 924 33
376 926 33
376 928 33
376 930 33
376 939 33
376 942 33
376 951 33
376 959 33
376 961 33
376 969 33
376 972 33
376 977 33
376 979 33
377 127 5
377 137 5
377 174 5
377 187 5
377 199 4
377 251 5
377 398 1
377 502 5
377 631 5
377 654 5
377 1 33
377 2 33
377 4 33
377 8 33
377 9 33
377 12 33
377 23 33
377 50 33
377 52 33
377 54 33
377 56 33
377 62 33
377 63 33
377 64 33
377 69 33
377 79 33
377 82 33
377 83 33
377 88 33
377 89 33
377 90 33
377 93 33
377 96 33
377 98 33
377 100 33
377 116 33
377 124 33
377 131 33
377 133 33
377 135 33
377 141 33
377 144 33
377 152 33
377 153 33
377 157 33
377 158 33
377 161 33
377 163 33
377 164 33
377 168 33
377 172 33
377 173 33
377 176 33
377 177 33
377 178 33
377 179 33
377 183 33
377 186 33
377 188 33
377 191 33
377 192 33
377 193 33
377 194 33
377 195 33
377 196 33
377 200 33
377 202 33
377 203 33
377 204 33
377 205 33
377 208 33
377 210 33
377 211 33
377 216 33
377 219 33
377 227 33
377 230 33
377 233 33
377 238 33
377 239 33
377 257 33
377 270 33
377 271 33
377 284 33
377 285 33
377 294 33
377 300 33
377 306 33
377 310 33
377 331 33
377 339 33
377 357 33
377 372 33
377 381 33
377 383 33
377 385 33
377 391 33
377 393 33
377 395 33
377 401 33
377 402 33
377 405 33
377 414 33
377 417 33
377 419 33
377 427 33
377 428 33
377 434 33
377 436 33
377 443 33
377 447 33
377 448 33
377 451 33
377 452 33
377 461 33
377 480 33
377 496 33
377 504 33
377 511 33
377 514 33
377 516 33
377 517 33
377 520 33
377 522 33
377 523 33
377 527 33
377 528 33
377 529 33
377 530 33
377 554 33
377 559 33
377 563 33
377 566 33
377 568 33
377 575 33
377 576 33
377 603 33
377 616 33
377 622 33
377 636 33
377 637 33
377 644 33
377 649 33
377 651 33
377 655 33
377 659 33
377 674 33
377 684 33
377 686 33
377 701 33
377 704 33
377 705 33
377 710 33
377 712 33
377 729 33
377 732 33
377 735 33
377 736 33
377 746 33
377 842 33
377 855 33
378 9 3
378 135 3
378 182 3
378 204 2
378 286 5
378 300 3
378 433 3
378 496 4
378 554 2
378 709 4
378 1 33
378 7 33
378 12 33
378 22 33
378 28 33
378 31 33
378 38 33
378 58 33
378 59 33
378 60 33
378 61 33
378 62 33
378 64 33
378 69 33
378 71 33
378 81 33
378 95 33
378 98 33
378 100 33
378 109 33
378 114 33
378 118 33
378 121 33
378 132 33
378 134 33
378 139 33
378 152 33
378 154 33
378 161 33
378 163 33
378 168 33
378 170 33
378 172 33
378 176 33
378 177 33
378 180 33
378 181 33
378 183 33
378 185 33
378 186 33
378 190 33
378 194 33
378 197 33
378 208 33
378 213 33
378 215 33
378 217 33
378 222 33
378 228 33
378 229 33
378 238 33
378 241 33
378 258 33
378 265 33
378 270 33
378 306 33
378 313 33
378 315 33
378 340 33
378 356 33
378 357 33
378 382 33
378 414 33
378 416 33
378 419 33
378 423 33
378 425 33
378 427 33
378 428 33
378 435 33
378 443 33
378 449 33
378 462 33
378 463 33
378 465 33
378 474 33
378 479 33
378 483 33
378 502 33
378 506 33
378 512 33
378 515 33
378 518 33
378 521 33
378 527 33
378 529 33
378 530 33
378 549 33
378 561 33
378 566 33
378 570 33
378 573 33
378 582 33
378 587 33
378 614 33
378 629 33
378 630 33
378 631 33
378 651 33
378 652 33
378 654 33
378 663 33
378 664 33
378 665 33
378 670 33
378 684 33
378 699 33
378 708 33
378 712 33
378 729 33
378 732 33
378 736 33
378 744 33
378 750 33
378 751 33
378 753 33
378 770 33
378 856 33
378 923 33
378 956 33
378 959 33
379 49 2
379 176 4
379 283 5
379 403 3
379 432 5
379 512 4
379 514 5
379 566 2
379 694 4
379 847 4
379 1 33
379 13 33
379 14 33
379 15 33
379 16 33
379 20 33
379 30 33
379 50 33
379 59 33
379 77 33
379 79 33
379 83 33
379 89 33
379 94 33
379 95 33
379 97 33
379 99 33
379 100 33
379 102 33
379 121 33
379 129 33
379 132 33
379 133 33
379 134 33
379 135 33
379 139 33
379 150 33
379 151 33
379 175 33
379 178 33
379 191 33
379 212 33
379 214 33
379 216 33
379 217 33
379 228 33
379 259 33
379 276 33
379 281 33
379 294 33
379 303 33
379 304 33
379 318 33
379 344 33
379 378 33
379 418 33
379 443 33
379 459 33
379 462 33
379 473 33
379 479 33
379 485 33
379 487 33
379 493 33
379 495 33
379 498 33
379 501 33
379 509 33
379 517 33
379 525 33
379 526 33
379 529 33
379 582 33
379 607 33
379 631 33
379 634 33
379 640 33
379 647 33
379 652 33
379 656 33
379 657 33
379 660 33
379 673 33
379 682 33
379 693 33
379 705 33
379 724 33
379 742 33
379 771 33
379 778 33
379 855 33
379 887 33
379 898 33
379 914 33
379 931 33
379 934 33
379 961 33
379 995 33
380 14 3
380 25 2
380 197 4
380 334 5
380 357 4
380 474 5
380 504 3
380 511 4
380 546 2
380 639 3
380 7 33
380 9 33
380 23 33
380 50 33
380 56 33
380 98 33
380 100 33
380 122 33
380 127 33
380 134 33
380 135 33
380 137 33
380 150 33
380 171 33
380 177 33
380 180 33
380 183 33
380 258 33
380 276 33
380 290 33
380 332 33
380 475 33
380 481 33
380 482 33
380 507 33
380 508 33
380 531 33
380 717 33
381 9 5
381 132 5
381 182 5
381 313 2
381 340 5
381 504 4
381 513 5
381 517 5
381 654 5
381 663 5
381 14 33
381 19 33
381 58 33
381 81 33
381 86 33
381 89 33
381 100 33
381 134 33
381 135 33
381 137 33
381 180 33
381 193 33
381 197 33
381 203 33
381 205 33
381 223 33
381 237 33
381 238 33
381 268 33
381 272 33
381 285 33
381 302 33
381 315 33
381 319 33
381 321 33
381 345 33
381 357 33
381 425 33
381 427 33
381 435 33
381 464 33
381 474 33
381 475 33
381 478 33
381 479 33
381 480 33
381 483 33
381 484 33
381 496 33
381 505 33
381 514 33
381 531 33
381 603 33
381 639 33
381 641 33
381 657 33
382 271 4
382 300 4
382 313 5
382 328 4
382 329 3
382 333 4
382 347 4
382 689 4
382 748 4
382 878 4
382 272 33
382 289 33
382 302 33
382 316 33
382 327 33
382 343 33
382 355 33
382 751 33
382 989 33
383 46 5
383 156 4
383 160 4
383 185 5
383 384 1
383 444 1
383 484 4
383 629 2
383 767 1
383 811 4
383 4 33
383 8 33
383 12 33
383 18 33
383 24 33
383 29 33
383 32 33
383 37 33
383 42 33
383 47 33
383 48 33
383 50 33
383 53 33
383 56 33
383 58 33
383 59 33
383 61 33
383 79 33
383 81 33
383 82 33
383 87 33
383 89 33
383 93 33
383 98 33
383 99 33
383 111 33
383 114 33
383 122 33
383 127 33
383 128 33
383 129 33
383 131 33
383 133 33
383 134 33
383 135 33
383 136 33
383 143 33
383 144 33
383 145 33
383 151 33
383 152 33
383 153 33
383 168 33
383 169 33
383 171 33
383 172 33
383 173 33
383 174 33
383 175 33
383 177 33
383 180 33
383 181 33
383 183 33
383 186 33
383 187 33
383 189 33
383 191 33
383 192 33
383 194 33
383 195 33
383 199 33
383 200 33
383 207 33
383 208 33
383 209 33
383 211 33
383 216 33
383 217 33
383 218 33
383 219 33
383 221 33
383 224 33
383 235 33
383 236 33
383 238 33
383 249 33
383 250 33
383 253 33
383 254 33
383 256 33
383 257 33
383 262 33
383 273 33
383 276 33
383 283 33
383 285 33
383 286 33
383 290 33
383 293 33
383 304 33
383 305 33
383 318 33
383 320 33
383 325 33
383 337 33
383 340 33
383 346 33
383 347 33
383 367 33
383 383 33
383 385 33
383 403 33
383 405 33
383 408 33
383 417 33
383 419 33
383 423 33
383 425 33
383 427 33
383 428 33
383 429 33
383 430 33
383 433 33
383 435 33
383 443 33
383 447 33
383 451 33
383 455 33
383 458 33
383 461 33
383 462 33
383 473 33
383 474 33
383 479 33
383 480 33
383 482 33
383 483 33
383 485 33
383 486 33
383 487 33
383 489 33
383 492 33
383 496 33
383 498 33
383 500 33
383 502 33
383 503 33
383 506 33
383 507 33
383 508 33
383 511 33
383 512 33
383 520 33
383 521 33
383 523 33
383 524 33
383 525 33
383 526 33
383 529 33
383 557 33
383 603 33
383 604 33
383 606 33
383 616 33
383 631 33
383 650 33
383 652 33
383 653 33
383 654 33
383 657 33
383 658 33
383 659 33
383 661 33
383 663 33
383 664 33
383 673 33
383 674 33
383 675 33
383 705 33
383 719 33
383 727 33
383 732 33
383 739 33
383 745 33
383 794 33
383 851 33
383 855 33
383 865 33
383 871 33
383 896 33
383 900 33
383 919 33
383 922 33
383 940 33
383 942 33
383 945 33
383 959 33
383 961 33
383 965 33
384 7 3
384 117 5
384 127 5
384 281 3
384 323 4
384 405 4
384 515 5
384 546 2
384 597 3
384 982 3
384 24 33
384 50 33
384 121 33
384 222 33
384 273 33
384 455 33
384 685 33
384 825 33
384 833 33
384 840 33
385 46 3
385 69 3
385 107 3
385 199 4
385 227 4
385 434 5
385 470 3
385 501 4
385 532 3
385 746 1
385 2 33
385 4 33
385 7 33
385 8 33
385 10 33
385 11 33
385 13 33
385 20 33
385 22 33
385 23 33
385 24 33
385 27 33
385 31 33
385 32 33
385 33 33
385 39 33
385 47 33
385 48 33
385 50 33
385 52 33
385 55 33
385 56 33
385 58 33
385 61 33
385 62 33
385 64 33
385 68 33
385 71 33
385 76 33
385 79 33
385 81 33
385 82 33
385 83 33
385 89 33
385 91 33
385 92 33
385 93 33
385 96 33
385 97 33
385 98 33
385 99 33
385 101 33
385 102 33
385 113 33
385 114 33
385 116 33
385 117 33
385 121 33
385 123 33
385 127 33
385 129 33
385 133 33
385 135 33
385 136 33
385 144 33
385 147 33
385 151 33
385 152 33
385 156 33
385 161 33
385 168 33
385 169 33
385 176 33
385 180 33
385 181 33
385 182 33
385 183 33
385 184 33
385 186 33
385 187 33
385 189 33
385 190 33
385 192 33
385 193 33
385 194 33
385 195 33
385 196 33
385 197 33
385 198 33
385 200 33
385 201 33
385 202 33
385 203 33
385 205 33
385 206 33
385 208 33
385 209 33
385 210 33
385 211 33
385 215 33
385 217 33
385 218 33
385 219 33
385 222 33
385 223 33
385 224 33
385 226 33
385 228 33
385 229 33
385 230 33
385 231 33
385 233 33
385 238 33
385 241 33
385 246 33
385 248 33
385 250 33
385 258 33
385 265 33
385 268 33
385 273 33
385 277 33
385 288 33
385 289 33
385 293 33
385 294 33
385 295 33
385 298 33
385 317 33
385 318 33
385 319 33
385 320 33
385 321 33
385 325 33
385 333 33
385 357 33
385 380 33
385 381 33
385 385 33
385 393 33
385 403 33
385 410 33
385 414 33
385 418 33
385 423 33
385 428 33
385 429 33
385 430 33
385 431 33
385 432 33
385 435 33
385 436 33
385 441 33
385 444 33
385 446 33
385 447 33
385 448 33
385 455 33
385 458 33
385 461 33
385 463 33
385 473 33
385 474 33
385 475 33
385 477 33
385 488 33
385 496 33
385 508 33
385 511 33
385 514 33
385 515 33
385 520 33
385 526 33
385 528 33
385 547 33
385 549 33
385 558 33
385 559 33
385 561 33
385 564 33
385 566 33
385 569 33
385 578 33
385 580 33
385 582 33
385 583 33
385 593 33
385 603 33
385 619 33
385 625 33
385 642 33
385 650 33
385 651 33
385 659 33
385 663 33
385 672 33
385 674 33
385 678 33
385 679 33
385 684 33
385 692 33
385 693 33
385 697 33
385 715 33
385 732 33
385 735 33
385 737 33
385 742 33
385 744 33
385 768 33
385 769 33
385 772 33
385 773 33
385 774 33
385 789 33
385 790 33
385 806 33
385 844 33
385 845 33
385 854 33
385 856 33
385 919 33
385 942 33
385 943 33
385 952 33
385 969 33
385 972 33
385 984 33
386 1 5
386 9 3
386 258 5
386 266 5
386 300 4
386 301 4
386 302 5
386 313 5
386 559 5
386 596 4
386 5 33
386 56 33
386 100 33
386 111 33
386 117 33
386 147 33
386 184 33
386 237 33
386 259 33
386 288 33
386 298 33
386 307 33
386 310 33
386 315 33
386 323 33
386 326 33
386 333 33
386 508 33
386 569 33
386 591 33
386 628 33
386 678 33
386 680 33
386 682 33
386 690 33
386 742 33
386 769 33
386 773 33
386 816 33
386 845 33
386 871 33
386 895 33
387 71 4
387 81 3
387 124 4
387 402 3
387 427 5
387 496 4
387 527 3
387 531 4
387 955 4
387 965 5
387 4 33
387 8 33
387 23 33
387 25 33
387 28 33
387 29 33
387 38 33
387 40 33
387 42 33
387 47 33
387 50 33
387 53 33
387 56 33
387 58 33
387 59 33
387 64 33
387 65 33
387 66 33
387 69 33
387 72 33
387 77 33
387 79 33
387 80 33
387 82 33
387 88 33
387 90 33
387 94 33
387 95 33
387 98 33
387 99 33
387 100 33
387 105 33
387 109 33
387 111 33
387 118 33
387 127 33
387 131 33
387 132 33
387 136 33
387 142 33
387 151 33
387 152 33
387 153 33
387 154 33
387 159 33
387 160 33
387 167 33
387 168 33
387 172 33
387 173 33
387 174 33
387 176 33
387 178 33
387 179 33
387 181 33
387 185 33
387 186 33
387 191 33
387 194 33
387 197 33
387 202 33
387 204 33
387 205 33
387 208 33
387 210 33
387 211 33
387 216 33
387 217 33
387 234 33
387 238 33
387 249 33
387 275 33
387 283 33
387 285 33
387 300 33
387 301 33
387 346 33
387 378 33
387 383 33
387 384 33
387 393 33
387 395 33
387 396 33
387 401 33
387 404 33
387 407 33
387 410 33
387 411 33
387 414 33
387 416 33
387 420 33
387 423 33
387 428 33
387 429 33
387 435 33
387 451 33
387 454 33
387 467 33
387 471 33
387 474 33
387 475 33
387 477 33
387 478 33
387 479 33
387 480 33
387 481 33
387 483 33
387 484 33
387 490 33
387 491 33
387 492 33
387 493 33
387 497 33
387 498 33
387 499 33
387 501 33
387 502 33
387 503 33
387 504 33
387 506 33
387 507 33
387 509 33
387 510 33
387 514 33
387 517 33
387 518 33
387 519 33
387 520 33
387 525 33
387 526 33
387 550 33
387 558 33
387 568 33
387 583 33
387 584 33
387 588 33
387 591 33
387 602 33
387 604 33
387 605 33
387 607 33
387 610 33
387 612 33
387 613 33
387 615 33
387 616 33
387 630 33
387 631 33
387 642 33
387 649 33
387 656 33
387 657 33
387 661 33
387 662 33
387 671 33
387 674 33
387 693 33
387 699 33
387 700 33
387 705 33
387 712 33
387 715 33
387 731 33
387 732 33
387 736 33
387 739 33
387 756 33
387 763 33
387 778 33
387 780 33
387 785 33
387 792 33
387 820 33
387 824 33
387 835 33
387 836 33
387 845 33
387 847 33
387 923 33
387 926 33
387 942 33
387 945 33
387 954 33
387 997 33
388 100 5
388 124 4
388 181 4
388 277 2
388 283 4
388 286 4
388 289 3
388 515 4
388 713 4
388 990 4
388 1 33
388 9 33
388 13 33
388 126 33
388 258 33
388 275 33
388 302 33
388 304 33
388 319 33
388 328 33
388 329 33
388 331 33
388 740 33
388 742 33
388 845 33
388 989 33
389 8 3
389 26 5
389 61 5
389 174 5
389 180 5
389 328 3
389 462 4
389 483 3
389 497 3
389 924 2
389 9 33
389 11 33
389 12 33
389 15 33
389 22 33
389 31 33
389 47 33
389 48 33
389 56 33
389 58 33
389 59 33
389 60 33
389 64 33
389 69 33
389 71 33
389 76 33
389 89 33
389 97 33
389 100 33
389 127 33
389 132 33
389 134 33
389 148 33
389 168 33
389 173 33
389 182 33
389 188 33
389 191 33
389 195 33
389 197 33
389 200 33
389 203 33
389 204 33
389 205 33
389 213 33
389 215 33
389 222 33
389 234 33
389 237 33
389 238 33
389 258 33
389 264 33
389 276 33
389 282 33
389 286 33
389 288 33
389 294 33
389 300 33
389 318 33
389 334 33
389 357 33
389 421 33
389 458 33
389 460 33
389 471 33
389 474 33
389 479 33
389 480 33
389 482 33
389 490 33
389 491 33
389 498 33
389 504 33
389 507 33
389 508 33
389 510 33
389 511 33
389 527 33
389 530 33
389 544 33
389 546 33
389 603 33
389 604 33
389 628 33
389 646 33
389 659 33
389 661 33
389 678 33
389 748 33
389 772 33
389 774 33
389 963 33
390 50 5
390 98 5
390 127 5
390 134 5
390 165 5
390 246 5
390 258 2
390 286 2
390 298 1
390 488 4
390 8 33
390 23 33
390 58 33
390 59 33
390 99 33
390 114 33
390 129 33
390 166 33
390 169 33
390 170 33
390 172 33
390 173 33
390 178 33
390 179 33
390 180 33
390 181 33
390 189 33
390 191 33
390 197 33
390 199 33
390 200 33
390 209 33
390 244 33
390 248 33
390 249 33
390 250 33
390 255 33
390 257 33
390 260 33
390 268 33
390 270 33
390 271 33
390 272 33
390 276 33
390 285 33
390 288 33
390 289 33
390 293 33
390 294 33
390 297 33
390 300 33
390 302 33
390 303 33
390 304 33
390 310 33
390 312 33
390 313 33
390 319 33
390 321 33
390 323 33
390 324 33
390 325 33
390 328 33
390 333 33
390 340 33
390 344 33
390 345 33
390 346 33
390 347 33
390 463 33
390 482 33
390 491 33
390 492 33
390 493 33
390 511 33
390 515 33
390 534 33
390 538 33
390 615 33
390 632 33
390 650 33
390 663 33
390 705 33
390 813 33
390 847 33
390 872 33
390 873 33
390 880 33
391 72 4
391 89 3
391 349 3
391 402 3
391 459 4
391 463 4
391 494 4
391 620 4
391 924 4
391 926 4
391 2 33
391 3 33
391 4 33
391 5 33
391 7 33
391 11 33
391 12 33
391 15 33
391 17 33
391 21 33
391 22 33
391 24 33
391 25 33
391 26 33
391 27 33
391 28 33
391 29 33
391 31 33
391 36 33
391 38 33
391 40 33
391 41 33
391 42 33
391 48 33
391 49 33
391 50 33
391 51 33
391 54 33
391 55 33
391 56 33
391 58 33
391 62 33
391 64 33
391 65 33
391 67 33
391 68 33
391 69 33
391 70 33
391 71 33
391 73 33
391 78 33
391 79 33
391 81 33
391 83 33
391 84 33
391 85 33
391 86 33
391 87 33
391 88 33
391 90 33
391 94 33
391 95 33
391 99 33
391 100 33
391 105 33
391 108 33
391 109 33
391 110 33
391 111 33
391 117 33
391 118 33
391 122 33
391 123 33
391 126 33
391 128 33
391 132 33
391 135 33
391 136 33
391 138 33
391 139 33
391 142 33
391 144 33
391 147 33
391 148 33
391 153 33
391 154 33
391 161 33
391 168 33
391 169 33
391 172 33
391 173 33
391 181 33
391 184 33
391 186 33
391 189 33
391 191 33
391 194 33
391 196 33
391 202 33
391 203 33
391 204 33
391 206 33
391 215 33
391 222 33
391 223 33
391 227 33
391 228 33
391 233 33
391 237 33
391 239 33
391 240 33
391 241 33
391 243 33
391 245 33
391 252 33
391 255 33
391 257 33
391 258 33
391 265 33
391 270 33
391 271 33
391 273 33
391 274 33
391 275 33
391 278 33
391 280 33
391 281 33
391 283 33
391 290 33
391 291 33
391 294 33
391 298 33
391 303 33
391 313 33
391 316 33
391 317 33
391 318 33
391 321 33
391 323 33
391 328 33
391 333 33
391 338 33
391 342 33
391 344 33
391 347 33
391 354 33
391 355 33
391 356 33
391 357 33
391 362 33
391 363 33
391 364 33
391 365 33
391 366 33
391 369 33
391 373 33
391 374 33
391 376 33
391 377 33
391 378 33
391 380 33
391 385 33
391 386 33
391 391 33
391 393 33
391 394 33
391 396 33
391 403 33
391 404 33
391 405 33
391 409 33
391 410 33
391 412 33
391 415 33
391 417 33
391 418 33
391 419 33
391 420 33
391 421 33
391 423 33
391 431 33
391 443 33
391 456 33
391 465 33
391 470 33
391 471 33
391 472 33
391 473 33
391 476 33
391 477 33
391 479 33
391 480 33
391 496 33
391 497 33
391 500 33
391 501 33
391 527 33
391 538 33
391 539 33
391 540 33
391 544 33
391 546 33
391 550 33
391 552 33
391 553 33
391 554 33
391 559 33
391 561 33
391 566 33
391 568 33
391 569 33
391 571 33
391 576 33
391 578 33
391 588 33
391 591 33
391 596 33
391 597 33
391 622 33
391 623 33
391 628 33
391 630 33
391 633 33
391 636 33
391 644 33
391 651 33
391 655 33
391 659 33
391 672 33
391 681 33
391 683 33
391 685 33
391 686 33
391 687 33
391 690 33
391 692 33
391 696 33
391 705 33
391 710 33
391 715 33
391 717 33
391 721 33
391 722 33
391 725 33
391 727 33
391 728 33
391 731 33
391 737 33
391 739 33
391 742 33
391 747 33
391 751 33
391 755 33
391 756 33
391 761 33
391 763 33
391 771 33
391 775 33
391 778 33
391 779 33
391 780 33
391 781 33
391 783 33
391 789 33
391 792 33
391 794 33
391 797 33
391 802 33
391 805 33
391 808 33
391 810 33
391 812 33
391 815 33
391 821 33
391 824 33
391 825 33
391 826 33
391 831 33
391 836 33
391 840 33
391 841 33
391 842 33
391 843 33
391 845 33
391 870 33
391 871 33
391 876 33
391 879 33
391 890 33
391 905 33
391 922 33
391 929 33
391 930 33
391 932 33
391 939 33
391 940 33
391 944 33
391 949 33
391 951 33
391 953 33
391 964 33
391 977 33
391 996 33
391 997 33
391 999 33
391 1000 33
392 4 4
392 22 5
392 50 5
392 67 5
392 109 4
392 186 5
392 228 5
392 391 4
392 402 4
392 739 4
392 1 33
392 7 33
392 28 33
392 31 33
392 38 33
392 39 33
392 42 33
392 56 33
392 63 33
392 68 33
392 72 33
392 73 33
392 79 33
392 84 33
392 88 33
392 96 33
392 97 33
392 98 33
392 101 33
392 117 33
392 121 33
392 128 33
392 132 33
392 144 33
392 154 33
392 156 33
392 158 33
392 161 33
392 164 33
392 172 33
392 174 33
392 179 33
392 181 33
392 184 33
392 195 33
392 208 33
392 210 33
392 216 33
392 217 33
392 218 33
392 222 33
392 226 33
392 227 33
392 229 33
392 230 33
392 232 33
392 233 33
392 238 33
392 250 33
392 257 33
392 265 33
392 282 33
392 288 33
392 313 33
392 364 33
392 383 33
392 385 33
392 386 33
392 411 33
392 416 33
392 419 33
392 423 33
392 433 33
392 449 33
392 450 33
392 455 33
392 496 33
392 508 33
392 540 33
392 541 33
392 550 33
392 552 33
392 554 33
392 559 33
392 561 33
392 568 33
392 576 33
392 578 33
392 597 33
392 655 33
392 658 33
392 665 33
392 679 33
392 746 33
392 763 33
392 771 33
392 773 33
392 780 33
392 797 33
392 802 33
392 979 33
393 15 3
393 172 5
393 181 5
393 215 5
393 231 4
393 240 1
393 338 4
393 365 5
393 378 5
393 596 2
393 1 33
393 50 33
393 64 33
393 89 33
393 97 33
393 98 33
393 100 33
393 121 33
393 151 33
393 154 33
393 174 33
393 186 33
393 196 33
393 210 33
393 216 33
393 237 33
393 252 33
393 255 33
393 257 33
393 273 33
393 313 33
393 315 33
393 328 33
393 342 33
393 343 33
393 423 33
393 458 33
393 472 33
393 632 33
393 739 33
393 892 33
393 924 33
394 148 4
394 282 4
394 288 3
394 546 4
394 595 3
394 597 4
394 742 4
394 829 3
394 841 4
394 871 2
394 1 33
394 9 33
394 25 33
394 100 33
394 106 33
394 117 33
394 121 33
394 125 33
394 222 33
394 237 33
394 245 33
394 260 33
394 274 33
394 291 33
394 300 33
394 322 33
394 328 33
394 329 33
394 333 33
394 405 33
394 455 33
394 471 33
394 591 33
394 619 33
394 678 33
394 717 33
394 751 33
394 840 33
394 930 33
394 977 33
394 986 33
395 22 4
395 50 5
395 195 3
395 199 5
395 273 4
395 332 2
395 435 4
395 504 5
395 611 5
395 688 1
395 7 33
395 8 33
395 23 33
395 56 33
395 95 33
395 100 33
395 108 33
395 109 33
395 117 33
395 127 33
395 134 33
395 135 33
395 156 33
395 171 33
395 172 33
395 174 33
395 177 33
395 178 33
395 181 33
395 183 33
395 192 33
395 194 33
395 197 33
395 210 33
395 221 33
395 223 33
395 261 33
395 268 33
395 286 33
395 288 33
395 302 33
395 313 33
395 318 33
395 322 33
395 324 33
395 325 33
395 327 33
395 334 33
395 338 33
395 340 33
395 345 33
395 346 33
395 390 33
395 423 33
395 457 33
395 475 33
395 479 33
395 483 33
395 498 33
395 513 33
395 588 33
395 615 33
395 641 33
395 657 33
395 680 33
395 705 33
395 748 33
395 751 33
395 853 33
395 855 33
395 878 33
395 894 33
395 896 33
395 988 33
395 989 33
395 991 33
396 2 3
396 87 4
396 132 5
396 134 3
396 158 3
396 176 4
396 523 4
396 604 5
396 659 3
396 661 3
396 4 33
396 12 33
396 13 33
396 15 33
396 25 33
396 28 33
396 31 33
396 47 33
396 49 33
396 50 33
396 56 33
396 58 33
396 63 33
396 64 33
396 65 33
396 66 33
396 69 33
396 70 33
396 72 33
396 73 33
396 82 33
396 85 33
396 88 33
396 94 33
396 95 33
396 117 33
396 124 33
396 125 33
396 126 33
396 127 33
396 144 33
396 152 33
396 154 33
396 159 33
396 162 33
396 163 33
396 167 33
396 168 33
396 172 33
396 173 33
396 174 33
396 178 33
396 181 33
396 182 33
396 183 33
396 186 33
396 191 33
396 194 33
396 196 33
396 197 33
396 199 33
396 202 33
396 203 33
396 204 33
396 205 33
396 211 33
396 216 33
396 227 33
396 228 33
396 229 33
396 230 33
396 234 33
396 235 33
396 239 33
396 274 33
396 276 33
396 284 33
396 357 33
396 385 33
396 393 33
396 399 33
396 403 33
396 414 33
396 417 33
396 423 33
396 429 33
396 430 33
396 432 33
396 435 33
396 474 33
396 476 33
396 479 33
396 480 33
396 481 33
396 485 33
396 491 33
396 493 33
396 494 33
396 495 33
396 496 33
396 497 33
396 498 33
396 501 33
396 502 33
396 504 33
396 510 33
396 514 33
396 519 33
396 520 33
396 521 33
396 525 33
396 588 33
396 589 33
396 591 33
396 602 33
396 648 33
396 654 33
396 663 33
396 692 33
396 700 33
396 710 33
396 715 33
396 732 33
396 735 33
396 737 33
396 756 33
396 796 33
396 953 33
396 969 33
396 991 33
396 993 33
397 12 3
397 43 3
397 50 3
397 64 3
397 93 3
397 168 3
397 380 3
397 395 3
397 660 3
397 746 5
397 2 33
397 5 33
397 8 33
397 9 33
397 15 33
397 22 33
397 26 33
397 31 33
397 33 33
397 38 33
397 41 33
397 42 33
397 48 33
397 53 33
397 55 33
397 56 33
397 57 33
397 58 33
397 62 33
397 63 33
397 66 33
397 67 33
397 68 33
397 69 33
397 71 33
397 72 33
397 73 33
397 77 33
397 79 33
397 80 33
397 84 33
397 91 33
397 94 33
397 95 33
397 97 33
397 98 33
397 99 33
397 102 33
397 110 33
397 114 33
397 117 33
397 118 33
397 121 33
397 127 33
397 128 33
397 132 33
397 140 33
397 143 33
397 144 33
397 147 33
397 148 33
397 153 33
397 154 33
397 155 33
397 156 33
397 157 33
397 161 33
397 164 33
397 172 33
397 173 33
397 174 33
397 175 33
397 179 33
397 180 33
397 181 33
397 186 33
397 187 33
397 188 33
397 195 33
397 196 33
397 203 33
397 204 33
397 210 33
397 214 33
397 215 33
397 219 33
397 223 33
397 226 33
397 227 33
397 228 33
397 229 33
397 230 33
397 231 33
397 233 33
397 234 33
397 237 33
397 238 33
397 239 33
397 241 33
397 264 33
397 265 33
397 268 33
397 273 33
397 274 33
397 276 33
397 282 33
397 284 33
397 288 33
397 289 33
397 291 33
397 295 33
397 301 33
397 307 33
397 318 33
397 323 33
397 332 33
397 338 33
397 340 33
397 364 33
397 372 33
397 378 33
397 382 33
397 383 33
397 384 33
397 385 33
397 386 33
397 388 33
397 389 33
397 393 33
397 399 33
397 400 33
397 401 33
397 402 33
397 403 33
397 405 33
397 407 33
397 412 33
397 413 33
397 418 33
397 420 33
397 423 33
397 431 33
397 432 33
397 436 33
397 444 33
397 450 33
397 451 33
397 452 33
397 454 33
397 455 33
397 459 33
397 470 33
397 471 33
397 475 33
397 486 33
397 496 33
397 501 33
397 506 33
397 508 33
397 527 33
397 531 33
397 542 33
397 543 33
397 544 33
397 546 33
397 549 33
397 550 33
397 551 33
397 554 33
397 559 33
397 564 33
397 566 33
397 568 33
397 575 33
397 576 33
397 578 33
397 582 33
397 587 33
397 588 33
397 591 33
397 597 33
397 616 33
397 622 33
397 628 33
397 633 33
397 651 33
397 655 33
397 673 33
397 679 33
397 684 33
397 693 33
397 697 33
397 710 33
397 720 33
397 722 33
397 727 33
397 732 33
397 735 33
397 738 33
397 742 33
397 744 33
397 747 33
397 754 33
397 755 33
397 760 33
397 763 33
397 768 33
397 769 33
397 772 33
397 774 33
397 779 33
397 781 33
397 806 33
397 809 33
397 813 33
397 817 33
397 824 33
397 825 33
397 826 33
397 845 33
397 924 33
397 926 33
397 928 33
397 941 33
397 946 33
397 959 33
397 969 33
397 975 33
397 977 33
397 986 33
398 259 3
398 269 4
398 301 4
398 306 3
398 307 3
398 321 4
398 323 4
398 328 3
398 749 4
398 895 4
398 258 33
398 286 33
398 288 33
398 294 33
398 300 33
398 304 33
398 332 33
398 689 33
398 690 33
399 1 2
399 111 4
399 121 3
399 137 3
399 168 1
399 235 1
399 237 3
399 284 3
399 318 4
399 484 3
399 9 33
399 11 33
399 13 33
399 14 33
399 25 33
399 26 33
399 44 33
399 50 33
399 64 33
399 65 33
399 69 33
399 70 33
399 71 33
399 83 33
399 97 33
399 100 33
399 117 33
399 127 33
399 133 33
399 135 33
399 143 33
399 144 33
399 147 33
399 151 33
399 153 33
399 154 33
399 157 33
399 161 33
399 162 33
399 172 33
399 173 33
399 174 33
399 181 33
399 194 33
399 196 33
399 197 33
399 198 33
399 199 33
399 202 33
399 204 33
399 210 33
399 225 33
399 248 33
399 257 33
399 272 33
399 273 33
399 275 33
399 276 33
399 280 33
399 282 33
399 294 33
399 302 33
399 312 33
399 315 33
399 316 33
399 321 33
399 322 33
399 328 33
399 342 33
399 356 33
399 357 33
399 365 33
399 371 33
399 385 33
399 404 33
399 430 33
399 435 33
399 451 33
399 462 33
399 471 33
399 473 33
399 477 33
399 478 33
399 481 33
399 483 33
399 485 33
399 486 33
399 493 33
399 499 33
399 501 33
399 507 33
399 508 33
399 509 33
399 511 33
399 515 33
399 519 33
399 520 33
399 527 33
399 528 33
399 535 33
399 553 33
399 566 33
399 582 33
399 588 33
399 603 33
399 604 33
399 609 33
399 630 33
399 632 33
399 638 33
399 651 33
399 654 33
399 655 33
399 659 33
399 661 33
399 684 33
399 707 33
399 724 33
399 735 33
399 748 33
399 762 33
399 815 33
399 866 33
399 892 33
400 1 5
400 32 3
400 48 5
400 96 5
400 222 4
400 234 4
400 258 4
400 510 5
400 591 4
400 764 3
400 7 33
400 9 33
400 10 33
400 12 33
400 13 33
400 16 33
400 19 33
400 25 33
400 42 33
400 50 33
400 111 33
400 116 33
400 117 33
400 124 33
400 126 33
400 127 33
400 135 33
400 151 33
400 182 33
400 204 33
400 235 33
400 237 33
400 245 33
400 255 33
400 257 33
400 273 33
400 276 33
400 286 33
400 455 33
400 471 33
400 475 33
400 476 33
400 479 33
400 480 33
400 483 33
400 511 33
400 515 33
400 529 33
400 628 33
400 696 33
400 864 33
