201 1 4
201 111 4
201 268 4
201 283 4
201 291 4
201 305 4
201 331 4
201 740 4
202 259 3
202 292 1
202 682 4
202 872 3
202 877 3
202 880 1
202 887 1
202 895 1
202 948 3
203 7 5
203 9 5
203 100 5
203 106 1
203 111 5
203 117 5
203 118 3
203 121 4
203 123 3
203 129 3
203 148 2
203 181 5
203 222 5
203 235 3
203 274 1
203 276 5
203 284 1
203 291 3
203 370 1
203 410 2
203 471 4
203 472 1
203 515 5
203 546 3
203 597 3
203 685 4
203 748 3
203 845 5
203 864 3
203 866 2
203 925 2
203 928 3
204 22 5
204 66 4
204 243 4
204 245 4
204 258 1
204 259 4
204 269 2
204 270 3
204 289 4
204 300 4
204 307 4
204 310 2
204 313 5
204 323 4
204 327 4
204 331 4
204 333 4
204 342 4
204 343 4
204 348 4
204 678 4
204 683 4
204 687 4
204 689 4
204 690 4
204 748 4
204 754 4
204 879 4
204 892 4
204 901 4
205 2 5
205 5 5
205 8 5
205 11 5
205 12 4
205 22 4
205 23 4
205 28 4
205 29 5
205 30 5
205 31 4
205 32 4
205 33 5
205 37 2
205 38 5
205 39 4
205 40 4
205 41 4
205 42 4
205 43 4
205 45 4
205 47 4
205 48 4
205 49 4
205 50 4
205 51 4
205 52 5
205 53 5
205 55 4
205 56 4
205 57 5
205 58 5
205 60 4
205 61 4
205 62 4
205 63 4
205 64 4
205 66 4
205 67 4
205 68 5
205 70 5
205 71 5
205 72 5
205 73 4
205 75 5
205 76 4
205 77 4
205 78 4
205 80 4
205 81 4
205 82 4
205 83 4
205 85 4
205 87 4
205 88 5
205 90 5
205 91 4
205 92 5
205 94 4
205 96 4
205 97 5
205 98 4
205 101 5
205 102 5
205 127 4
205 132 4
205 135 4
205 139 4
205 141 5
205 142 5
205 149 5
205 161 5
205 168 4
205 169 4
205 172 4
205 173 4
205 175 4
205 178 4
205 179 4
205 180 4
205 183 4
205 184 4
205 185 4
205 186 4
205 188 4
205 189 4
205 190 4
205 191 4
205 192 4
205 193 4
205 195 4
205 197 4
205 198 4
205 199 5
205 200 4
205 202 4
205 204 4
205 206 4
205 207 4
205 208 4
205 210 4
205 211 4
205 212 3
205 214 4
205 215 5
205 216 4
205 217 4
205 218 4
205 219 3
205 226 5
205 227 5
205 228 4
205 229 4
205 230 4
205 231 5
205 232 4
205 233 4
205 234 4
205 238 4
205 239 4
205 265 4
205 288 4
205 302 5
205 308 4
205 317 4
205 318 5
205 347 5
205 350 4
205 351 4
205 356 5
205 361 2
205 364 3
205 365 3
205 366 5
205 367 5
205 371 4
205 374 5
205 376 4
205 377 2
205 379 5
205 383 2
205 384 4
205 386 4
205 387 5
205 388 2
205 391 5
205 393 5
205 395 5
205 396 5
205 397 2
205 399 4
205 400 2
205 402 4
205 403 4
205 404 5
205 414 5
205 415 2
205 416 4
205 417 4
205 419 5
205 420 5
205 421 4
205 422 4
205 423 5
205 426 5
205 427 5
205 430 4
205 431 5
205 433 4
205 434 4
205 437 2
205 438 2
205 439 2
205 440 2
205 441 4
205 442 2
205 444 4
205 446 3
205 447 4
205 448 5
205 449 4
205 450 2
205 451 4
205 452 4
205 453 2
205 461 4
205 462 5
205 463 5
205 464 4
205 465 4
205 467 5
205 469 4
205 470 4
205 480 4
205 482 4
205 501 5
205 504 4
205 509 5
205 510 4
205 511 4
205 514 5
205 515 5
205 516 4
205 517 4
205 518 5
205 519 5
205 520 4
205 521 4
205 522 4
205 523 4
205 524 5
205 525 5
205 526 5
205 527 5
205 528 4
205 529 5
205 530 5
205 536 5
205 537 4
205 540 2
205 541 5
205 543 4
205 545 2
205 548 5
205 549 4
205 551 1
205 552 4
205 553 4
205 555 4
205 556 4
205 557 4
205 558 4
205 559 4
205 560 4
205 561 5
205 562 4
205 563 2
205 564 4
205 565 4
205 566 4
205 567 2
205 568 4
205 569 4
205 570 5
205 573 4
205 574 5
205 575 4
205 577 4
205 578 5
205 579 4
205 580 4
205 581 4
205 583 5
205 584 4
205 585 4
205 586 3
205 588 5
205 592 3
205 593 4
205 603 4
205 606 5
205 622 4
205 623 3
205 624 4
205 625 4
205 626 4
205 627 4
205 639 4
205 642 4
205 643 4
205 644 4
205 645 4
205 647 4
205 648 4
205 649 4
205 650 4
205 651 5
205 652 5
205 653 4
205 654 4
205 655 4
205 656 5
205 659 4
205 661 5
205 662 5
205 664 4
205 666 4
205 667 5
205 669 2
205 670 4
205 671 4
205 673 4
205 674 4
205 675 4
205 679 5
205 684 5
205 692 5
205 693 4
205 694 5
205 695 5
205 697 5
205 699 5
205 700 2
205 702 4
205 707 4
205 708 4
205 710 4
205 712 4
205 714 5
205 715 4
205 716 5
205 719 4
205 720 5
205 721 3
205 722 4
205 723 4
205 726 5
205 727 5
205 728 4
205 729 4
205 731 4
205 732 5
205 734 3
205 736 4
205 739 5
205 745 5
205 746 5
205 747 4
205 753 5
205 755 4
205 759 2
205 761 4
205 765 5
205 768 4
205 769 5
205 770 5
205 771 2
205 772 4
205 773 2
205 774 2
205 775 4
205 776 2
205 777 2
205 778 4
205 779 5
205 780 4
205 782 2
205 783 4
205 784 2
205 785 4
205 786 5
205 787 2
205 788 2
205 789 5
205 790 4
205 791 5
205 793 2
205 794 5
205 795 2
205 796 5
205 798 2
205 802 4
205 807 2
205 808 3
205 810 5
205 812 1
205 816 4
205 842 4
205 843 4
205 849 2
205 851 2
205 853 3
205 854 2
205 855 4
205 858 2
205 859 5
205 860 2
205 861 2
205 904 5
205 921 3
205 939 4
205 941 4
205 943 5
205 944 1
205 946 4
205 947 5
205 949 4
205 951 5
205 953 5
205 955 4
205 956 5
205 957 5
205 959 4
205 960 4
205 964 5
205 969 5
205 971 5
205 994 1
205 996 5
205 997 1
205 999 5
206 1 5
206 3 5
206 4 5
206 5 3
206 7 5
206 8 5
206 10 5
206 11 5
206 12 5
206 13 5
206 14 5
206 15 5
206 20 5
206 22 5
206 24 5
206 25 5
206 28 5
206 30 5
206 32 5
206 39 3
206 40 3
206 42 5
206 47 5
206 48 5
206 50 5
206 52 5
206 58 5
206 63 5
206 64 5
206 69 5
206 71 5
206 72 5
206 79 5
206 85 5
206 86 5
206 87 5
206 89 5
206 92 5
206 93 5
206 96 5
206 99 5
206 115 5
206 117 5
206 121 4
206 123 3
206 125 5
206 127 5
206 129 5
206 131 5
206 132 5
206 133 5
206 134 5
206 135 5
206 136 5
206 143 5
206 148 2
206 151 5
206 152 5
206 153 5
206 156 5
206 158 5
206 164 5
206 168 5
206 170 5
206 172 5
206 173 5
206 174 5
206 175 5
206 179 5
206 181 5
206 182 5
206 183 5
206 186 5
206 187 5
206 188 5
206 190 5
206 191 5
206 194 5
206 195 5
206 196 5
206 198 5
206 199 5
206 202 5
206 203 5
206 204 5
206 206 5
206 209 5
206 211 5
206 212 3
206 213 5
206 215 5
206 218 5
206 219 3
206 220 2
206 222 4
206 228 5
206 234 5
206 235 1
206 237 5
206 238 5
206 239 5
206 240 3
206 274 5
206 275 5
206 276 5
206 277 4
206 284 2
206 289 5
206 317 5
206 318 5
206 357 5
206 368 2
206 381 5
206 396 5
206 404 5
206 405 3
206 410 5
206 411 5
206 414 5
206 418 5
206 419 5
206 420 5
206 421 5
206 427 5
206 428 5
206 429 5
206 430 5
206 431 4
206 434 5
206 435 5
206 436 3
206 443 5
206 447 5
206 451 5
206 452 5
206 453 3
206 461 5
206 463 5
206 468 4
206 469 5
206 474 5
206 476 1
206 479 5
206 480 5
206 481 5
206 482 5
206 485 5
206 487 5
206 488 5
206 490 5
206 496 5
206 498 5
206 499 5
206 501 5
206 503 5
206 504 5
206 505 5
206 507 5
206 508 5
206 509 5
206 511 5
206 514 5
206 515 5
206 517 5
206 519 5
206 520 5
206 523 5
206 524 5
206 526 5
206 527 5
206 528 5
206 529 4
206 543 5
206 559 4
206 561 2
206 573 5
206 582 5
206 588 5
206 589 5
206 591 5
206 596 5
206 605 5
206 606 5
206 607 5
206 608 5
206 610 5
206 611 5
206 612 5
206 624 4
206 632 5
206 633 5
206 634 5
206 638 5
206 639 5
206 640 5
206 641 5
206 642 5
206 645 5
206 647 5
206 651 5
206 652 5
206 655 5
206 662 5
206 663 5
206 664 5
206 665 3
206 672 1
206 675 4
206 692 5
206 693 5
206 699 5
206 701 5
206 705 5
206 712 5
206 713 5
206 715 5
206 727 5
206 732 5
206 735 5
206 737 4
206 745 5
206 746 5
206 747 5
206 756 5
206 772 2
206 787 3
206 813 5
206 823 5
206 825 5
206 826 3
206 831 2
206 845 5
206 919 5
206 921 5
206 923 5
206 942 5
206 960 5
206 962 3
207 1 2
207 2 4
207 4 2
207 8 5
207 25 4
207 28 5
207 29 4
207 40 4
207 45 4
207 50 5
207 56 5
207 62 4
207 68 4
207 69 4
207 70 4
207 82 4
207 88 2
207 89 5
207 91 4
207 96 5
207 97 3
207 98 5
207 99 5
207 100 5
207 117 2
207 118 4
207 123 4
207 127 5
207 132 5
207 135 5
207 143 4
207 144 1
207 147 4
207 157 4
207 158 4
207 159 4
207 161 4
207 163 4
207 172 5
207 173 5
207 174 5
207 177 5
207 179 2
207 180 5
207 181 5
207 182 5
207 183 5
207 185 3
207 186 4
207 188 4
207 193 5
207 194 5
207 196 5
207 197 5
207 200 4
207 201 4
207 202 3
207 203 5
207 205 4
207 208 5
207 209 5
207 211 5
207 214 4
207 215 3
207 216 3
207 217 4
207 218 3
207 222 4
207 223 5
207 226 4
207 227 4
207 228 5
207 229 4
207 230 4
207 231 4
207 232 4
207 235 4
207 238 4
207 239 4
207 244 4
207 248 4
207 249 4
207 250 1
207 255 4
207 257 4
207 265 2
207 269 2
207 274 4
207 286 4
207 289 4
207 290 4
207 291 4
207 313 5
207 316 5
207 345 4
207 357 3
207 371 4
207 382 4
207 385 4
207 393 1
207 399 4
207 400 4
207 405 4
207 416 1
207 418 4
207 423 5
207 427 5
207 428 5
207 432 4
207 433 4
207 436 1
207 447 4
207 448 4
207 449 4
207 455 4
207 466 4
207 476 4
207 478 5
207 479 5
207 483 5
207 484 5
207 493 5
207 496 5
207 502 5
207 508 1
207 510 5
207 514 5
207 519 5
207 521 2
207 525 5
207 559 4
207 561 4
207 565 4
207 588 1
207 603 3
207 616 3
207 629 4
207 635 4
207 642 4
207 648 5
207 656 5
207 657 5
207 660 5
207 675 5
207 684 5
207 705 5
207 710 4
207 712 4
207 715 4
207 729 4
207 732 4
207 746 4
207 755 1
207 756 4
207 785 4
207 844 4
207 859 4
207 869 4
207 879 4
207 949 1
207 969 3
207 972 4
207 993 4
208 270 4
208 271 4
208 286 4
208 294 4
208 300 4
208 313 5
208 315 2
208 319 4
208 328 4
208 347 4
208 358 4
208 539 4
208 683 4
208 689 4
208 748 4
209 6 5
209 8 3
209 9 5
209 12 5
209 14 5
209 22 5
209 23 5
209 28 1
209 30 3
209 48 3
209 50 5
209 58 1
209 59 5
209 60 3
209 65 1
209 87 2
209 97 4
209 98 5
209 99 3
209 100 5
209 133 4
209 135 5
209 153 4
209 154 3
209 156 4
209 162 4
209 166 4
209 168 5
209 170 5
209 172 4
209 173 5
209 174 5
209 175 5
209 179 3
209 181 4
209 186 4
209 191 4
209 192 5
209 195 5
209 197 5
209 199 4
209 200 4
209 201 4
209 202 4
209 203 4
209 204 1
209 205 4
209 207 3
209 209 4
209 210 4
209 213 1
209 214 4
209 216 4
209 223 5
209 264 4
209 266 4
209 270 1
209 275 5
209 276 4
209 283 5
209 285 5
209 286 4
209 288 4
209 300 4
209 303 4
209 318 5
209 321 4
209 322 4
209 325 4
209 327 4
209 339 4
209 343 4
209 357 5
209 367 4
209 381 4
209 382 4
209 404 4
209 427 5
209 428 5
209 429 5
209 430 4
209 433 2
209 435 5
209 461 4
209 478 4
209 479 5
209 480 5
209 481 4
209 482 4
209 483 5
209 485 3
209 486 4
209 489 5
209 491 4
209 493 5
209 496 4
209 497 4
209 498 5
209 504 4
209 505 2
209 514 4
209 516 4
209 518 4
209 520 5
209 523 5
209 526 4
209 527 5
209 528 5
209 530 2
209 604 4
209 606 3
209 607 4
209 608 5
209 609 4
209 615 1
209 618 4
209 631 4
209 633 1
209 647 5
209 654 2
209 659 4
209 661 5
209 664 4
209 676 4
209 680 4
209 684 4
209 708 4
209 709 5
209 714 4
209 733 5
209 749 4
209 855 4
209 877 4
209 879 4
209 937 4
209 945 1
209 965 5
209 995 4
210 258 4
210 269 4
210 286 5
210 289 4
210 300 4
210 311 3
210 312 3
210 313 4
210 315 4
210 316 4
210 323 3
210 328 4
210 340 2
210 354 4
210 690 4
210 754 3
210 873 2
210 898 3
210 905 4
211 1 5
211 4 5
211 9 5
211 22 5
211 38 4
211 56 5
211 73 3
211 88 5
211 117 5
211 161 3
211 168 5
211 172 5
211 181 5
211 186 5
211 195 5
211 196 5
211 208 5
211 209 5
211 210 5
211 222 5
211 227 4
211 228 5
211 229 2
211 230 2
211 258 5
211 265 5
211 276 4
211 318 5
211 405 4
211 435 5
211 449 2
211 451 5
211 485 5
211 527 5
211 566 5
211 568 5
211 651 5
211 655 5
211 709 5
211 720 4
211 732 5
211 770 1
212 4 5
212 7 5
212 23 5
212 24 4
212 28 5
212 56 5
212 64 5
212 70 2
212 81 5
212 92 3
212 96 5
212 150 5
212 154 5
212 172 5
212 173 5
212 175 5
212 182 5
212 186 5
212 193 5
212 206 4
212 211 5
212 218 2
212 276 5
212 288 4
212 318 5
212 340 4
212 408 5
212 427 5
212 436 4
212 480 5
212 487 5
212 508 5
212 526 4
212 634 5
212 651 5
212 684 4
212 724 5
213 7 5
213 9 5
213 15 5
213 50 5
213 124 5
213 181 5
213 222 5
213 236 1
213 245 4
213 255 1
213 257 5
213 258 5
213 260 4
213 269 5
213 271 4
213 275 5
213 286 4
213 297 2
213 300 5
213 301 2
213 302 5
213 303 4
213 306 1
213 326 4
213 328 4
213 332 1
213 471 3
213 508 4
213 628 3
213 690 4
213 877 4
213 936 5
214 100 5
214 258 4
214 260 4
214 294 4
214 300 4
214 301 4
214 302 4
214 325 4
214 340 4
214 343 4
214 678 4
214 748 4
215 56 5
215 185 4
215 195 5
215 243 4
215 269 4
215 322 4
215 323 4
215 328 4
215 432 4
215 531 1
215 748 4
215 754 4
216 1 3
216 2 4
216 7 3
216 8 5
216 9 5
216 10 2
216 11 4
216 12 5
216 13 5
216 14 5
216 21 4
216 22 5
216 24 4
216 25 1
216 27 4
216 28 4
216 29 4
216 31 5
216 32 3
216 36 4
216 38 4
216 41 4
216 42 2
216 43 4
216 44 5
216 49 4
216 50 5
216 51 4
216 53 4
216 54 4
216 55 5
216 56 5
216 58 4
216 64 5
216 65 2
216 66 4
216 67 4
216 69 5
216 70 4
216 71 5
216 73 4
216 77 2
216 81 4
216 82 1
216 83 3
216 85 4
216 86 2
216 87 5
216 88 4
216 90 4
216 92 3
216 93 5
216 94 4
216 97 3
216 98 5
216 99 5
216 105 4
216 106 4
216 107 4
216 117 2
216 121 4
216 123 4
216 125 1
216 126 3
216 127 5
216 132 5
216 133 5
216 134 5
216 136 5
216 137 5
216 140 4
216 142 4
216 143 4
216 144 4
216 148 4
216 154 5
216 155 4
216 156 5
216 157 3
216 158 4
216 159 4
216 161 3
216 168 5
216 172 5
216 174 5
216 176 5
216 178 5
216 181 5
216 182 4
216 183 5
216 185 4
216 187 5
216 191 5
216 194 4
216 195 3
216 196 5
216 197 5
216 199 5
216 200 1
216 202 3
216 203 5
216 204 5
216 209 5
216 210 5
216 211 5
216 213 4
216 215 5
216 216 3
216 217 4
216 219 1
216 220 4
216 225 4
216 226 4
216 230 4
216 234 5
216 237 4
216 238 2
216 239 4
216 240 4
216 241 4
216 242 5
216 245 4
216 246 4
216 248 4
216 249 4
216 250 4
216 251 4
216 252 4
216 253 4
216 254 4
216 257 5
216 258 5
216 259 4
216 264 4
216 266 4
216 268 4
216 272 5
216 274 4
216 275 1
216 276 5
216 277 4
216 281 4
216 283 2
216 284 4
216 285 5
216 286 3
216 287 4
216 288 2
216 289 4
216 294 4
216 295 4
216 297 4
216 298 4
216 301 1
216 304 4
216 307 1
216 312 4
216 313 5
216 315 5
216 316 5
216 317 4
216 318 5
216 319 4
216 322 4
216 323 4
216 326 4
216 327 4
216 328 4
216 329 4
216 331 4
216 332 4
216 333 2
216 338 4
216 339 4
216 346 3
216 347 5
216 348 1
216 354 2
216 356 4
216 357 4
216 364 4
216 366 5
216 367 4
216 369 4
216 375 4
216 378 5
216 385 2
216 388 2
216 393 3
216 395 4
216 396 4
216 399 4
216 401 4
216 402 4
216 403 2
216 404 4
216 405 4
216 411 4
216 412 4
216 417 4
216 418 2
216 419 4
216 423 5
216 425 2
216 427 5
216 431 1
216 432 4
216 433 1
216 443 1
216 448 2
216 451 3
216 452 4
216 462 4
216 463 5
216 468 4
216 469 5
216 471 2
216 472 2
216 473 4
216 475 4
216 476 4
216 479 5
216 480 2
216 496 5
216 498 5
216 500 4
216 501 3
216 506 5
216 509 5
216 515 5
216 526 4
216 531 5
216 532 5
216 538 3
216 546 4
216 549 5
216 553 4
216 554 4
216 559 4
216 560 4
216 564 4
216 568 2
216 576 1
216 578 2
216 585 4
216 588 1
216 591 5
216 592 4
216 607 4
216 614 2
216 619 4
216 625 1
216 627 3
216 628 1
216 633 4
216 651 5
216 652 3
216 657 5
216 658 1
216 660 3
216 662 5
216 676 1
216 678 4
216 682 4
216 684 5
216 685 5
216 686 5
216 689 4
216 690 4
216 693 1
216 696 4
216 699 5
216 707 4
216 708 4
216 710 4
216 712 4
216 713 5
216 717 4
216 720 4
216 721 4
216 723 4
216 724 5
216 729 4
216 734 4
216 735 4
216 737 4
216 738 4
216 739 4
216 746 5
216 747 4
216 748 4
216 750 5
216 754 5
216 755 1
216 761 4
216 762 2
216 768 4
216 770 4
216 775 4
216 778 4
216 781 4
216 783 4
216 785 4
216 790 4
216 792 5
216 794 4
216 795 2
216 803 4
216 807 2
216 812 2
216 815 4
216 819 4
216 821 4
216 824 4
216 827 4
216 833 4
216 834 4
216 840 4
216 842 3
216 843 5
216 845 4
216 849 4
216 864 4
216 866 4
216 873 4
216 874 5
216 879 4
216 895 1
216 915 5
216 916 1
216 917 4
216 918 2
216 928 4
216 929 4
216 931 4
216 934 4
216 936 5
216 937 1
216 938 4
216 941 4
216 955 5
216 959 5
216 966 1
216 972 4
216 975 5
216 980 4
216 985 4
216 990 4
216 997 4
217 1 5
217 3 3
217 5 2
217 7 5
217 11 5
217 12 5
217 13 5
217 15 5
217 16 5
217 17 2
217 20 5
217 23 5
217 27 5
217 29 3
217 32 3
217 39 1
217 42 5
217 44 5
217 47 5
217 50 5
217 51 2
217 55 5
217 56 5
217 58 5
217 62 5
217 63 3
217 64 5
217 65 5
217 67 1
217 68 1
217 69 5
217 70 5
217 72 4
217 73 4
217 77 5
217 78 2
217 79 5
217 80 3
217 81 5
217 82 5
217 83 5
217 89 5
217 91 4
217 95 5
217 96 5
217 97 5
217 98 5
217 99 5
217 100 5
217 101 2
217 106 3
217 109 5
217 118 5
217 120 2
217 122 3
217 123 2
217 125 3
217 127 5
217 131 5
217 132 5
217 135 5
217 139 3
217 142 3
217 144 5
217 145 3
217 147 3
217 154 5
217 157 5
217 159 5
217 162 1
217 164 4
217 167 1
217 168 5
217 169 5
217 171 3
217 172 5
217 173 5
217 174 5
217 176 5
217 178 5
217 179 5
217 181 5
217 182 5
217 183 5
217 184 3
217 186 5
217 190 5
217 195 5
217 196 5
217 198 5
217 200 5
217 201 2
217 202 5
217 206 3
217 207 5
217 208 5
217 214 3
217 216 5
217 217 1
217 218 5
217 219 3
217 222 5
217 223 5
217 226 3
217 228 5
217 232 3
217 234 5
217 235 3
217 242 5
217 245 3
217 246 5
217 248 4
217 250 1
217 252 5
217 255 4
217 257 4
217 258 5
217 260 3
217 264 3
217 265 5
217 270 5
217 273 2
217 286 5
217 288 5
217 290 5
217 293 5
217 294 3
217 298 5
217 323 3
217 324 3
217 325 5
217 326 5
217 340 1
217 357 5
217 358 5
217 364 3
217 367 2
217 373 2
217 380 5
217 382 5
217 385 5
217 386 3
217 388 3
217 391 1
217 392 5
217 393 5
217 395 3
217 396 5
217 399 5
217 402 5
217 403 4
217 404 5
217 413 3
217 419 5
217 420 5
217 421 5
217 422 3
217 423 5
217 425 5
217 428 5
217 431 5
217 433 5
217 436 5
217 441 3
217 444 3
217 447 5
217 449 2
217 451 5
217 452 2
217 461 5
217 465 5
217 472 3
217 474 5
217 475 3
217 483 5
217 484 5
217 485 5
217 498 5
217 501 5
217 508 3
217 513 5
217 518 5
217 541 3
217 544 1
217 545 3
217 546 3
217 551 3
217 552 3
217 555 5
217 559 1
217 561 3
217 562 5
217 563 2
217 574 5
217 578 2
217 579 5
217 582 5
217 596 4
217 597 3
217 614 5
217 616 4
217 625 3
217 628 5
217 631 2
217 636 3
217 638 5
217 640 1
217 642 3
217 655 5
217 658 2
217 665 3
217 668 4
217 669 1
217 674 3
217 679 5
217 684 5
217 685 5
217 692 5
217 708 2
217 709 5
217 710 1
217 715 3
217 723 4
217 725 3
217 727 4
217 728 1
217 732 5
217 742 5
217 746 5
217 747 5
217 748 3
217 758 3
217 762 4
217 764 2
217 765 2
217 767 3
217 769 3
217 774 3
217 778 5
217 781 5
217 783 1
217 792 5
217 796 4
217 797 1
217 800 3
217 804 2
217 809 1
217 810 1
217 815 5
217 825 3
217 827 3
217 831 3
217 849 3
217 855 5
217 871 3
217 895 1
217 923 5
217 928 1
217 940 3
217 943 2
217 944 3
217 946 3
217 963 5
217 979 3
217 999 5
217 1000 3
218 258 5
218 269 5
218 288 5
218 301 5
218 302 5
218 313 5
218 327 5
218 328 5
218 331 4
218 362 2
218 750 5
218 895 4
218 899 3
219 50 5
219 79 5
219 89 5
219 100 5
219 173 5
219 181 5
219 223 5
219 257 5
219 275 5
219 286 5
219 405 5
219 478 5
219 488 5
219 615 5
219 617 5
219 705 4
220 19 3
220 86 4
220 100 5
220 116 1
220 137 5
220 251 5
220 275 5
220 283 5
220 302 5
220 319 1
220 331 4
220 408 5
220 475 5
220 478 5
220 508 1
220 513 5
220 603 5
220 750 5
220 753 4
221 4 4
221 7 4
221 11 4
221 12 5
221 50 5
221 56 5
221 82 4
221 87 4
221 89 1
221 96 1
221 100 5
221 117 4
221 124 5
221 127 5
221 129 4
221 144 4
221 156 3
221 164 4
221 172 2
221 174 5
221 175 4
221 176 4
221 182 4
221 183 5
221 185 4
221 194 4
221 200 4
221 213 4
221 218 4
221 219 4
221 238 5
221 302 4
221 333 4
221 443 4
221 448 4
221 466 4
221 516 4
221 517 4
221 653 4
221 657 4
221 672 4
221 709 2
221 879 4
221 914 4
221 915 5
222 1 5
222 15 5
222 50 5
222 53 1
222 98 5
222 100 5
222 109 4
222 117 5
222 124 5
222 126 4
222 127 5
222 129 5
222 137 5
222 151 5
222 181 5
222 184 5
222 200 5
222 201 3
222 217 2
222 219 1
222 222 5
222 235 2
222 250 5
222 257 5
222 258 5
222 260 3
222 270 5
222 273 5
222 276 5
222 286 5
222 287 5
222 288 5
222 293 5
222 294 1
222 299 3
222 307 3
222 324 2
222 326 2
222 327 3
222 334 2
222 370 3
222 379 3
222 396 1
222 410 5
222 436 5
222 447 5
222 448 4
222 452 2
222 458 2
222 475 5
222 477 1
222 515 5
222 551 1
222 558 5
222 559 3
222 561 3
222 590 3
222 665 3
222 670 2
222 671 5
222 672 3
222 682 2
222 742 5
222 760 3
222 854 5
222 867 3
222 919 5
222 922 3
222 926 3
223 9 5
223 15 5
223 127 5
223 148 2
223 237 5
223 245 3
223 258 5
223 269 5
223 272 5
223 276 2
223 282 5
223 286 5
223 299 5
223 300 5
223 304 1
223 307 3
223 310 5
223 313 5
223 315 5
223 322 2
223 323 1
223 326 1
223 327 4
223 328 5
223 329 2
223 333 1
223 340 3
223 344 5
223 347 5
223 355 3
223 471 5
223 546 3
223 591 5
223 628 5
223 678 3
223 689 1
223 696 3
223 744 2
223 748 2
223 750 5
223 754 5
223 823 3
223 879 5
223 898 3
223 924 3
223 977 3
224 1 2
224 14 5
224 15 3
224 25 2
224 50 5
224 100 5
224 115 3
224 127 5
224 151 4
224 172 5
224 243 4
224 261 4
224 275 4
224 288 4
224 289 4
224 310 4
224 323 4
224 333 4
224 427 5
224 508 4
224 538 3
224 681 4
224 683 4
224 689 3
224 882 4
225 1 5
225 2 5
225 7 5
225 17 3
225 22 5
225 24 5
225 32 5
225 38 4
225 39 5
225 53 3
225 55 5
225 62 5
225 68 5
225 79 5
225 82 5
225 83 5
225 98 5
225 100 5
225 117 5
225 118 5
225 121 5
225 124 5
225 127 5
225 144 5
225 147 5
225 156 5
225 168 5
225 171 5
225 172 5
225 174 5
225 176 5
225 177 5
225 178 5
225 180 5
225 183 5
225 185 5
225 187 5
225 188 5
225 191 5
225 195 5
225 198 5
225 200 5
225 201 4
225 204 5
225 207 3
225 209 5
225 210 5
225 218 5
225 222 5
225 227 5
225 229 5
225 230 5
225 231 2
225 232 5
225 234 5
225 241 5
225 244 5
225 250 4
225 252 5
225 257 5
225 259 3
225 271 5
225 272 4
225 273 5
225 281 5
225 286 5
225 288 5
225 298 5
225 302 5
225 305 4
225 307 5
225 310 5
225 313 5
225 316 5
225 318 5
225 322 4
225 323 4
225 324 5
225 325 4
225 327 5
225 333 5
225 338 4
225 340 4
225 343 3
225 346 5
225 355 5
225 357 5
225 358 2
225 362 5
225 363 5
225 379 5
225 385 5
225 398 3
225 424 3
225 429 5
225 445 4
225 447 4
225 448 5
225 452 5
225 474 5
225 475 5
225 491 4
225 515 5
225 520 4
225 522 5
225 529 5
225 538 5
225 540 2
225 550 4
225 562 3
225 566 5
225 568 5
225 573 4
225 576 1
225 583 5
225 590 3
225 597 5
225 636 5
225 669 3
225 670 5
225 675 5
225 678 2
225 679 5
225 686 5
225 690 5
225 748 2
225 750 5
225 751 5
225 759 2
225 823 5
225 825 4
225 831 3
225 841 2
225 853 5
225 877 3
225 879 5
225 895 5
225 912 1
225 943 5
225 976 3
226 23 5
226 50 5
226 98 5
226 99 4
226 133 4
226 134 5
226 135 5
226 168 5
226 174 5
226 178 5
226 182 1
226 185 5
226 191 5
226 196 5
226 197 5
226 199 5
226 200 4
226 204 5
226 208 5
226 211 4
226 318 5
226 418 4
226 427 5
226 428 5
226 430 5
226 432 1
226 435 5
226 474 5
226 478 5
226 480 5
226 483 5
226 486 5
226 488 1
226 490 5
226 491 5
226 492 5
226 493 5
226 494 5
226 504 1
226 505 2
226 510 5
226 511 5
226 524 4
226 525 5
226 526 4
226 601 5
226 603 5
226 605 4
226 606 5
226 607 2
226 608 5
226 610 4
226 613 5
226 614 5
226 616 4
226 631 4
226 633 5
226 646 5
226 648 5
226 651 5
226 653 4
226 654 5
226 655 5
226 657 5
226 673 3
226 705 5
226 754 4
226 835 4
226 836 3
226 848 5
227 245 5
227 258 5
227 263 5
227 286 5
227 292 5
227 300 5
227 302 5
227 303 5
227 304 5
227 319 5
227 332 5
227 341 1
227 359 5
227 680 5
227 681 5
227 682 5
227 688 5
227 874 5
228 243 4
228 259 4
228 268 5
228 271 4
228 272 5
228 286 1
228 289 4
228 294 4
228 300 4
228 301 1
228 305 5
228 307 4
228 312 3
228 313 5
228 322 1
228 323 4
228 326 2
228 329 1
228 332 4
228 334 4
228 338 4
228 344 5
228 350 4
228 538 1
228 690 4
228 750 5
228 875 4
228 877 4
228 879 3
228 886 3
228 896 4
228 908 1
228 988 4
229 1 5
229 2 5
229 3 2
229 4 5
229 7 5
229 8 5
229 12 5
229 15 5
229 21 3
229 22 5
229 23 5
229 24 5
229 26 5
229 28 5
229 31 5
229 32 5
229 45 5
229 47 4
229 48 5
229 50 5
229 52 5
229 53 2
229 55 5
229 56 5
229 58 4
229 62 5
229 63 5
229 64 5
229 66 5
229 68 1
229 69 5
229 70 5
229 72 5
229 73 5
229 77 5
229 79 5
229 81 5
229 82 5
229 83 5
229 85 5
229 86 5
229 87 5
229 88 5
229 89 5
229 90 2
229 91 3
229 92 5
229 93 5
229 95 5
229 96 5
229 97 5
229 101 5
229 109 5
229 114 5
229 117 5
229 118 5
229 123 3
229 124 5
229 127 5
229 128 2
229 132 5
229 133 5
229 134 5
229 137 5
229 140 4
229 141 5
229 143 5
229 144 5
229 150 5
229 151 5
229 153 5
229 154 5
229 157 5
229 159 5
229 161 5
229 162 5
229 163 4
229 164 5
229 165 5
229 166 5
229 168 5
229 170 4
229 172 5
229 174 5
229 178 5
229 179 5
229 181 5
229 183 5
229 184 3
229 185 5
229 186 5
229 188 5
229 190 5
229 191 5
229 193 5
229 195 5
229 197 5
229 201 4
229 202 5
229 203 5
229 207 5
229 208 5
229 209 5
229 210 5
229 211 5
229 214 5
229 216 5
229 218 5
229 219 3
229 223 5
229 225 2
229 229 5
229 232 4
229 233 5
229 237 5
229 238 5
229 248 5
229 249 3
229 250 4
229 258 5
229 264 5
229 265 5
229 273 5
229 274 4
229 275 5
229 276 5
229 277 5
229 280 3
229 281 5
229 282 5
229 283 4
229 288 5
229 290 5
229 291 5
229 298 5
229 301 4
229 318 5
229 319 5
229 321 4
229 340 4
229 356 5
229 365 1
229 366 4
229 367 5
229 371 4
229 378 5
229 385 5
229 387 3
229 392 4
229 393 5
229 403 5
229 404 5
229 405 5
229 410 1
229 411 3
229 415 3
229 418 5
229 419 4
229 423 5
229 427 5
229 428 5
229 431 5
229 432 5
229 433 5
229 435 5
229 436 5
229 441 2
229 448 3
229 455 5
229 457 3
229 464 5
229 466 5
229 467 3
229 468 5
229 470 5
229 473 5
229 475 5
229 480 5
229 481 5
229 482 5
229 483 5
229 484 5
229 485 5
229 491 5
229 493 3
229 495 5
229 496 5
229 499 5
229 500 5
229 502 5
229 504 5
229 505 5
229 508 5
229 511 5
229 514 5
229 520 5
229 527 5
229 531 5
229 535 5
229 537 5
229 546 5
229 549 5
229 550 5
229 566 5
229 568 5
229 569 4
229 570 4
229 578 1
229 581 5
229 584 5
229 591 5
229 602 4
229 603 5
229 611 5
229 625 3
229 627 3
229 628 5
229 629 5
229 631 3
229 633 5
229 635 1
229 636 5
229 640 4
229 642 5
229 652 4
229 654 5
229 655 5
229 658 5
229 662 4
229 665 1
229 671 5
229 672 1
229 673 5
229 679 4
229 684 5
229 692 5
229 693 5
229 700 1
229 702 5
229 705 5
229 708 5
229 709 4
229 710 4
229 726 3
229 729 5
229 732 5
229 735 5
229 742 5
229 744 5
229 747 4
229 755 5
229 756 3
229 761 4
229 762 5
229 763 3
229 768 3
229 780 3
229 794 3
229 804 3
229 805 4
229 806 3
229 820 1
229 826 2
229 833 4
229 845 5
229 847 4
229 921 4
229 928 5
229 941 5
229 944 1
229 961 5
229 967 3
229 972 5
230 9 5
230 10 5
230 12 5
230 19 4
230 42 5
230 50 5
230 56 5
230 98 5
230 100 5
230 101 3
230 117 1
230 129 5
230 137 5
230 152 5
230 164 5
230 165 5
230 181 5
230 221 4
230 222 3
230 234 5
230 237 5
230 248 5
230 253 5
230 258 5
230 264 4
230 273 5
230 276 5
230 286 5
230 288 2
230 293 5
230 294 3
230 300 3
230 302 5
230 318 5
230 328 3
230 436 4
230 514 5
230 515 5
230 527 5
230 528 5
230 547 3
230 628 3
230 674 1
231 286 5
231 307 2
231 322 4
231 323 3
231 327 3
231 358 3
231 538 1
231 690 5
231 748 3
231 879 3
231 988 2
232 1 5
232 7 5
232 24 3
232 50 5
232 93 5
232 100 5
232 108 1
232 109 4
232 111 4
232 117 5
232 118 3
232 121 5
232 123 5
232 151 5
232 181 5
232 222 5
232 246 5
232 248 5
232 249 5
232 250 4
232 257 5
232 258 5
232 274 3
232 276 5
232 284 3
232 294 1
232 295 2
232 300 5
232 315 5
232 322 3
232 405 1
232 410 4
232 411 3
232 471 3
232 508 5
232 546 3
232 620 3
232 628 5
232 678 3
232 742 5
232 763 4
232 815 3
232 844 3
232 845 2
233 59 5
233 60 5
233 95 5
233 173 5
233 174 5
233 194 5
233 246 5
233 268 5
233 269 5
233 273 5
233 276 5
233 293 5
233 302 5
233 303 5
233 322 3
233 323 3
233 326 4
233 333 5
233 340 4
233 435 5
233 474 5
233 507 5
233 657 5
233 682 3
233 690 5
233 748 3
233 754 5
233 919 5
234 9 5
234 111 5
234 121 5
234 125 5
234 147 4
234 148 2
234 151 5
234 225 2
234 274 5
234 275 5
234 283 5
234 287 5
234 288 5
234 347 5
234 369 3
234 406 3
234 471 3
234 476 1
234 546 1
234 628 5
234 756 3
234 763 2
234 815 2
234 819 3
234 833 1
234 844 3
234 928 3
234 975 3
235 1 5
235 3 5
235 4 5
235 5 2
235 7 5
235 9 5
235 11 5
235 12 5
235 15 5
235 21 3
235 22 5
235 23 5
235 24 3
235 25 2
235 27 5
235 28 5
235 31 5
235 38 3
235 40 3
235 42 5
235 45 5
235 49 5
235 50 5
235 52 5
235 54 4
235 62 2
235 63 1
235 64 5
235 67 1
235 68 5
235 69 5
235 71 5
235 72 5
235 73 1
235 80 1
235 82 5
235 83 5
235 85 3
235 86 5
235 89 5
235 95 4
235 96 5
235 100 5
235 105 3
235 108 5
235 109 5
235 111 5
235 115 4
235 117 5
235 118 2
235 121 5
235 122 3
235 123 1
235 125 5
235 128 3
235 132 5
235 135 5
235 136 5
235 141 5
235 148 3
235 151 5
235 152 3
235 153 5
235 154 5
235 156 5
235 157 5
235 159 5
235 160 5
235 161 3
235 162 5
235 163 5
235 164 4
235 167 3
235 168 5
235 171 4
235 172 5
235 173 5
235 174 5
235 175 5
235 176 5
235 182 5
235 183 5
235 184 2
235 185 5
235 186 5
235 187 5
235 188 5
235 190 5
235 191 5
235 195 5
235 196 5
235 199 5
235 200 5
235 204 5
235 206 5
235 211 5
235 214 5
235 215 5
235 216 4
235 217 4
235 218 5
235 219 3
235 222 5
235 225 3
235 226 5
235 227 3
235 228 5
235 229 3
235 230 3
235 234 5
235 239 3
235 240 2
235 245 3
235 246 5
235 250 5
235 252 3
235 254 3
235 255 1
235 257 4
235 258 5
235 260 3
235 264 5
235 273 3
235 284 1
235 290 3
235 291 5
235 294 3
235 299 3
235 300 5
235 307 5
235 313 5
235 317 5
235 318 5
235 321 4
235 327 3
235 331 3
235 338 3
235 343 3
235 351 3
235 354 5
235 357 5
235 358 5
235 367 5
235 369 3
235 376 3
235 380 4
235 381 5
235 382 5
235 384 3
235 385 5
235 386 4
235 392 3
235 393 3
235 394 3
235 399 5
235 402 5
235 403 5
235 404 5
235 410 1
235 411 2
235 413 3
235 423 5
235 424 3
235 431 5
235 433 5
235 434 5
235 435 5
235 436 5
235 443 5
235 447 5
235 448 3
235 451 5
235 455 5
235 462 5
235 465 3
235 470 1
235 473 1
235 474 5
235 476 3
235 520 5
235 541 3
235 542 3
235 546 1
235 550 5
235 554 3
235 561 3
235 566 5
235 567 3
235 568 5
235 569 3
235 571 3
235 572 3
235 573 5
235 576 2
235 577 3
235 578 2
235 584 5
235 587 5
235 588 5
235 597 3
235 616 5
235 625 2
235 628 2
235 631 3
235 637 5
235 640 3
235 649 5
235 652 5
235 655 5
235 659 5
235 665 3
235 672 3
235 673 4
235 675 5
235 679 5
235 684 5
235 693 5
235 696 5
235 697 5
235 710 1
235 713 5
235 715 4
235 717 3
235 720 3
235 729 5
235 732 1
235 743 3
235 746 5
235 748 1
235 751 3
235 752 1
235 756 3
235 760 3
235 762 4
235 780 3
235 781 2
235 786 3
235 790 3
235 792 5
235 797 3
235 800 3
235 820 3
235 821 1
235 825 5
235 826 4
235 831 3
235 834 3
235 841 1
235 845 5
235 862 3
235 885 3
235 890 2
235 895 3
235 924 5
235 926 3
235 928 3
235 929 4
235 943 3
235 944 3
235 961 5
235 977 3
235 983 1
236 21 4
236 23 5
236 26 4
236 38 4
236 39 2
236 43 4
236 47 4
236 65 4
236 66 2
236 72 2
236 73 4
236 83 5
236 90 4
236 92 4
236 95 1
236 96 5
236 98 5
236 102 4
236 111 4
236 125 2
236 132 5
236 133 5
236 157 5
236 159 4
236 161 4
236 168 5
236 172 5
236 174 5
236 179 4
236 186 4
236 200 2
236 204 5
236 215 1
236 216 2
236 217 4
236 218 4
236 219 2
236 226 1
236 238 5
236 265 5
236 276 1
236 287 5
236 288 4
236 313 5
236 325 4
236 327 4
236 340 3
236 347 2
236 367 4
236 381 4
236 392 4
236 400 4
236 411 4
236 433 1
236 447 5
236 454 4
236 503 4
236 504 5
236 506 3
236 537 1
236 546 4
236 553 2
236 559 4
236 568 1
236 581 4
236 585 1
236 595 4
236 628 1
236 642 4
236 649 5
236 655 3
236 658 4
236 660 4
236 708 4
236 710 4
236 715 1
236 721 4
236 723 4
236 739 4
236 742 4
236 746 2
236 748 4
236 761 4
236 762 4
236 785 2
236 787 3
236 790 4
236 794 4
236 821 1
236 845 1
236 895 4
236 974 4
237 5 5
237 11 4
237 12 5
237 14 5
237 28 5
237 30 4
237 42 3
237 47 5
237 50 5
237 56 5
237 58 5
237 65 5
237 69 5
237 70 5
237 77 5
237 79 5
237 82 3
237 83 5
237 86 5
237 87 5
237 88 4
237 89 5
237 90 1
237 91 1
237 95 5
237 97 5
237 98 5
237 99 5
237 111 5
237 116 4
237 118 3
237 124 5
237 131 5
237 132 5
237 133 5
237 134 5
237 137 5
237 143 5
237 144 5
237 145 3
237 151 5
237 154 5
237 155 1
237 161 5
237 162 5
237 166 5
237 168 5
237 170 5
237 173 5
237 174 5
237 176 5
237 179 5
237 180 5
237 181 5
237 183 5
237 185 5
237 186 5
237 190 5
237 191 5
237 195 5
237 197 5
237 204 5
237 207 5
237 208 5
237 211 5
237 212 3
237 213 5
237 214 3
237 216 5
237 217 1
237 218 5
237 219 3
237 229 1
237 234 5
237 237 5
237 238 5
237 239 4
237 244 2
237 253 5
237 254 3
237 265 5
237 275 5
237 276 5
237 281 3
237 283 4
237 286 5
237 287 5
237 288 4
237 292 5
237 301 2
237 318 5
237 378 5
237 381 5
237 393 5
237 402 4
237 404 5
237 412 1
237 415 2
237 418 4
237 419 5
237 421 5
237 423 5
237 428 5
237 432 5
237 433 5
237 435 5
237 436 5
237 447 4
237 450 3
237 451 5
237 463 5
237 466 5
237 473 1
237 478 5
237 480 5
237 482 4
237 483 5
237 484 5
237 485 5
237 496 5
237 497 5
237 499 5
237 501 5
237 507 5
237 512 5
237 514 5
237 517 5
237 518 4
237 521 5
237 523 5
237 559 1
237 566 5
237 581 5
237 582 5
237 583 4
237 584 5
237 588 5
237 603 5
237 607 3
237 614 5
237 629 3
237 640 4
237 642 5
237 651 5
237 652 5
237 654 5
237 655 5
237 657 5
237 660 5
237 663 5
237 665 2
237 672 4
237 674 3
237 683 4
237 684 5
237 692 5
237 696 5
237 697 3
237 698 3
237 699 5
237 702 1
237 705 5
237 707 5
237 708 5
237 709 5
237 710 2
237 727 4
237 730 5
237 732 2
237 736 5
237 737 5
237 739 1
237 746 5
237 747 5
237 748 1
237 753 5
237 755 4
237 770 5
237 778 2
237 781 4
237 794 3
237 812 3
237 842 2
237 843 5
237 946 3
237 955 5
237 969 3
238 15 4
238 21 4
238 100 5
238 118 4
238 121 4
238 181 5
238 220 4
238 237 4
238 245 4
238 255 1
238 269 3
238 280 4
238 286 4
238 321 4
238 471 4
238 476 4
238 815 4
238 866 4
239 7 5
239 13 3
239 14 5
239 100 5
239 121 5
239 147 5
239 237 5
239 240 3
239 242 5
239 246 5
239 257 5
239 273 5
239 276 5
239 282 5
239 285 5
239 288 3
239 301 3
239 405 2
239 475 5
239 591 5
239 895 1
240 70 5
240 171 5
240 198 5
240 242 5
240 243 3
240 271 3
240 272 5
240 283 5
240 300 5
240 310 5
240 312 5
240 313 5
240 328 5
240 329 4
240 340 5
240 350 5
240 512 5
240 515 5
240 582 5
240 690 5
240 736 5
240 749 4
240 750 5
240 751 5
240 886 5
240 904 5
240 921 5
240 937 5
241 1 5
241 7 4
241 9 2
241 15 5
241 25 4
241 121 5
241 259 4
241 288 4
241 294 4
241 683 4
242 7 5
242 11 5
242 12 4
242 14 4
242 17 4
242 22 4
242 26 5
242 27 3
242 29 3
242 31 4
242 33 5
242 38 4
242 39 4
242 41 5
242 42 4
242 44 4
242 53 3
242 54 4
242 55 4
242 56 5
242 62 3
242 64 4
242 67 3
242 68 4
242 79 4
242 82 4
242 98 4
242 100 4
242 117 4
242 129 4
242 144 4
242 150 4
242 154 4
242 156 4
242 159 4
242 161 4
242 168 5
242 174 4
242 176 4
242 177 4
242 182 4
242 184 4
242 186 4
242 195 4
242 203 4
242 204 4
242 209 4
242 210 4
242 219 4
242 226 4
242 228 4
242 229 5
242 230 4
242 231 3
242 234 4
242 240 4
242 273 4
242 276 4
242 281 4
242 286 5
242 288 5
242 294 4
242 318 4
242 342 4
242 350 3
242 367 4
242 385 4
242 401 5
242 403 4
242 410 4
242 436 4
242 449 3
242 452 4
242 482 4
242 508 4
242 546 4
242 554 4
242 559 3
242 569 4
242 572 4
242 576 4
242 578 4
242 591 4
242 628 4
242 635 4
242 636 4
242 672 4
242 684 4
242 685 4
242 695 5
242 710 5
242 746 5
242 769 1
242 780 3
242 800 2
242 810 5
242 834 1
242 873 1
242 943 3
242 975 4
243 12 5
243 271 4
243 309 4
243 313 5
243 340 4
243 343 4
243 358 4
243 644 5
243 678 4
243 687 4
244 9 5
244 50 5
244 100 5
244 245 1
244 251 5
244 258 5
244 275 5
244 748 4
244 751 3
244 906 2
244 912 4
244 916 4
245 7 3
245 9 3
245 23 3
245 28 3
245 50 3
245 55 3
245 64 2
245 79 3
245 87 2
245 100 3
245 117 3
245 118 2
245 121 2
245 123 3
245 127 3
245 144 2
245 147 2
245 150 3
245 174 3
245 181 3
245 195 3
245 203 3
245 204 3
245 208 3
245 209 3
245 221 3
245 235 3
245 237 3
245 245 3
245 246 3
245 248 3
245 273 3
245 276 3
245 291 3
245 293 3
245 295 3
245 310 3
245 313 3
245 324 2
245 325 3
245 330 1
245 333 3
245 340 3
245 346 3
245 405 3
245 408 3
245 410 3
245 460 2
245 475 2
245 479 3
245 480 2
245 504 3
245 544 3
245 591 3
245 595 3
245 597 3
245 603 3
245 628 3
245 644 3
245 689 3
245 742 3
245 744 3
245 748 3
245 762 3
245 763 3
245 818 2
245 823 3
245 829 2
245 831 2
245 840 2
245 844 1
245 845 2
245 881 2
245 886 3
245 895 3
245 908 1
245 919 3
245 959 3
245 979 3
246 268 5
246 269 5
246 270 5
246 288 4
246 292 5
246 294 4
246 301 5
246 302 5
246 303 5
246 326 2
246 327 5
246 328 5
246 332 5
246 334 2
246 359 2
246 688 2
246 690 5
246 754 5
246 883 4
246 887 5
246 888 1
247 1 1
247 5 4
247 7 4
247 9 3
247 11 4
247 17 4
247 27 4
247 28 4
247 31 1
247 55 4
247 56 5
247 65 4
247 68 4
247 69 1
247 70 4
247 89 5
247 91 1
247 96 1
247 98 5
247 100 5
247 111 4
247 117 4
247 123 4
247 135 3
247 144 2
247 147 4
247 148 4
247 150 3
247 151 2
247 153 1
247 156 2
247 157 2
247 158 4
247 174 5
247 176 5
247 180 2
247 183 5
247 204 1
247 206 4
247 209 4
247 218 4
247 222 4
247 227 4
247 231 4
247 233 4
247 234 4
247 248 4
247 252 4
247 260 4
247 281 4
247 284 4
247 286 4
247 288 4
247 290 4
247 293 4
247 298 4
247 300 4
247 367 4
247 405 4
247 410 4
247 435 5
247 447 1
247 469 4
247 470 2
247 483 5
247 484 5
247 498 4
247 544 4
247 546 4
247 559 4
247 582 4
247 591 4
247 597 4
247 629 4
247 642 4
247 678 4
247 742 4
247 748 4
247 760 4
247 815 4
247 823 2
247 845 4
247 866 4
247 926 4
247 963 5
247 981 4
248 262 4
248 268 5
248 269 3
248 271 3
248 286 3
248 292 5
248 301 2
248 303 5
248 305 5
248 307 3
248 319 5
248 321 2
248 327 2
248 333 5
248 338 3
248 340 1
248 344 2
248 750 5
248 884 3
248 896 5
248 900 5
248 902 1
249 9 5
249 15 5
249 59 5
249 60 5
249 61 5
249 100 5
249 117 5
249 118 2
249 122 1
249 127 5
249 137 5
249 170 5
249 171 5
249 179 5
249 212 3
249 224 5
249 248 5
249 251 3
249 269 5
249 273 3
249 276 5
249 285 5
249 286 5
249 288 4
249 291 2
249 293 5
249 310 3
249 337 1
249 381 5
249 410 3
249 459 5
249 473 3
249 546 3
249 558 5
249 742 4
249 748 3
249 753 5
249 763 3
249 936 5
249 983 1
250 1 4
250 2 2
250 3 2
250 4 1
250 7 3
250 10 4
250 12 5
250 13 2
250 15 3
250 26 4
250 28 5
250 29 2
250 35 4
250 38 4
250 39 4
250 49 4
250 51 4
250 54 4
250 56 1
250 58 2
250 60 3
250 64 5
250 65 1
250 66 4
250 67 4
250 70 4
250 71 4
250 73 3
250 77 4
250 79 4
250 80 4
250 81 4
250 82 2
250 83 2
250 86 2
250 87 1
250 88 3
250 89 5
250 90 4
250 92 4
250 94 4
250 95 4
250 97 4
250 98 5
250 99 5
250 100 5
250 101 5
250 110 2
250 112 4
250 114 5
250 117 2
250 121 4
250 123 4
250 125 1
250 126 5
250 127 5
250 131 2
250 132 5
250 133 1
250 134 5
250 135 2
250 136 4
250 139 4
250 141 5
250 142 4
250 143 3
250 144 3
250 145 4
250 152 4
250 153 4
250 154 1
250 155 4
250 157 4
250 158 4
250 161 4
250 162 2
250 163 4
250 164 4
250 166 4
250 167 4
250 168 5
250 169 5
250 173 3
250 174 5
250 176 2
250 177 4
250 179 5
250 180 3
250 182 1
250 183 5
250 185 3
250 187 5
250 191 2
250 192 5
250 193 4
250 194 1
250 195 1
250 196 5
250 197 5
250 199 3
250 200 4
250 202 4
250 203 4
250 204 4
250 205 4
250 207 4
250 208 5
250 210 5
250 211 5
250 215 4
250 216 3
250 218 4
250 222 4
250 223 5
250 225 4
250 226 4
250 227 4
250 229 4
250 231 4
250 233 2
250 237 4
250 238 5
250 239 3
250 241 4
250 245 4
250 252 4
250 254 4
250 258 1
250 264 2
250 265 5
250 269 4
250 270 2
250 272 5
250 274 4
250 275 5
250 277 4
250 278 4
250 280 4
250 281 4
250 282 4
250 283 5
250 288 4
250 290 4
250 292 5
250 294 4
250 299 4
250 300 4
250 301 4
250 302 5
250 304 4
250 305 4
250 310 4
250 311 4
250 312 4
250 313 5
250 315 3
250 316 5
250 328 4
250 332 4
250 340 4
250 354 4
250 357 5
250 367 4
250 371 4
250 373 3
250 378 1
250 380 4
250 381 5
250 382 4
250 383 4
250 384 2
250 385 4
250 387 4
250 393 4
250 395 4
250 396 4
250 400 4
250 401 4
250 402 2
250 414 1
250 416 4
250 417 4
250 418 4
250 419 4
250 421 4
250 422 4
250 428 5
250 431 4
250 432 1
250 433 4
250 434 4
250 435 5
250 443 4
250 448 4
250 451 4
250 455 4
250 462 2
250 465 4
250 467 4
250 469 4
250 470 4
250 471 4
250 472 4
250 474 5
250 476 4
250 477 4
250 478 5
250 479 5
250 480 5
250 481 4
250 482 5
250 483 5
250 484 3
250 487 5
250 488 4
250 490 5
250 491 4
250 493 5
250 494 4
250 495 4
250 496 5
250 497 5
250 499 5
250 500 4
250 502 5
250 503 4
250 505 2
250 506 5
250 507 3
250 509 5
250 510 2
250 511 5
250 514 5
250 518 4
250 520 4
250 523 5
250 525 5
250 526 2
250 527 5
250 528 4
250 530 4
250 535 4
250 549 4
250 550 5
250 553 4
250 557 4
250 558 2
250 559 4
250 561 4
250 566 2
250 568 1
250 570 1
250 582 2
250 583 5
250 589 3
250 591 2
250 602 4
250 604 1
250 606 4
250 607 4
250 608 5
250 609 4
250 610 1
250 611 4
250 612 4
250 613 5
250 614 4
250 618 3
250 620 4
250 622 4
250 629 4
250 630 4
250 631 4
250 632 5
250 633 4
250 637 2
250 642 4
250 647 5
250 648 4
250 650 5
250 651 5
250 655 5
250 657 4
250 659 4
250 660 4
250 661 5
250 663 5
250 673 5
250 679 4
250 685 2
250 686 5
250 689 2
250 692 4
250 693 4
250 700 4
250 704 4
250 705 4
250 707 4
250 708 4
250 709 5
250 710 4
250 712 2
250 714 4
250 715 4
250 716 4
250 717 4
250 723 4
250 727 4
250 728 4
250 729 4
250 731 4
250 735 5
250 736 5
250 742 4
250 747 4
250 748 4
250 751 4
250 761 4
250 762 4
250 765 4
250 771 2
250 774 4
250 775 4
250 778 4
250 783 2
250 785 2
250 790 2
250 792 5
250 794 4
250 801 2
250 807 2
250 815 4
250 821 4
250 823 5
250 832 2
250 837 5
250 842 2
250 845 3
250 846 4
250 847 1
250 865 5
250 869 2
250 873 2
250 878 4
250 900 3
250 902 2
250 904 4
250 905 4
250 908 2
250 921 5
250 923 5
250 926 4
250 928 4
250 934 4
250 936 5
250 939 4
250 940 4
250 942 3
250 951 4
250 956 4
250 965 5
250 966 4
250 967 4
250 969 4
251 242 4
251 243 2
251 259 3
251 260 2
251 262 4
251 268 4
251 269 4
251 270 4
251 286 4
251 288 4
251 289 5
251 292 4
251 294 4
251 299 5
251 300 4
251 301 3
251 303 3
251 305 4
251 307 4
251 308 4
251 319 5
251 322 5
251 323 4
251 325 3
251 327 4
251 328 4
251 329 4
251 330 1
251 331 4
251 332 4
251 333 4
251 336 2
251 337 1
251 359 2
251 360 2
251 457 2
251 680 3
251 681 1
251 682 3
251 687 2
251 749 1
251 872 2
251 874 4
251 875 2
251 877 1
251 879 3
251 880 4
251 881 1
251 882 2
251 883 1
251 884 1
251 937 4
251 938 1
251 984 1
251 989 2
251 991 2
251 995 2
252 7 5
252 8 5
252 14 5
252 22 5
252 25 2
252 27 4
252 45 4
252 48 5
252 52 5
252 58 5
252 60 5
252 61 5
252 62 2
252 64 5
252 66 4
252 69 5
252 70 3
252 73 4
252 86 5
252 88 5
252 89 5
252 96 5
252 97 5
252 99 5
252 111 5
252 121 5
252 124 5
252 127 5
252 132 5
252 134 5
252 135 5
252 136 5
252 143 4
252 152 5
252 154 5
252 156 5
252 161 5
252 162 5
252 163 4
252 168 5
252 170 5
252 171 5
252 173 5
252 174 5
252 180 5
252 181 5
252 183 5
252 185 5
252 186 5
252 187 5
252 188 4
252 191 5
252 194 5
252 195 5
252 197 5
252 201 2
252 202 3
252 203 5
252 204 5
252 207 5
252 212 5
252 216 5
252 234 5
252 237 5
252 243 4
252 245 4
252 259 4
252 269 5
252 276 5
252 286 4
252 294 3
252 318 5
252 371 4
252 384 4
252 404 5
252 418 1
252 419 4
252 420 5
252 423 5
252 427 5
252 430 5
252 432 5
252 435 5
252 443 5
252 455 1
252 458 3
252 461 5
252 462 5
252 465 4
252 467 5
252 472 4
252 479 5
252 482 5
252 483 5
252 485 4
252 488 5
252 491 5
252 492 5
252 494 5
252 495 1
252 496 5
252 498 5
252 502 5
252 506 5
252 510 5
252 513 5
252 517 4
252 518 3
252 521 5
252 523 5
252 526 4
252 530 4
252 531 5
252 554 4
252 576 4
252 588 5
252 597 4
252 603 5
252 609 5
252 614 5
252 615 5
252 624 4
252 631 3
252 636 4
252 641 5
252 648 5
252 654 5
252 659 5
252 660 5
252 684 5
252 729 1
252 736 5
252 780 4
252 781 4
252 792 5
252 805 5
252 815 4
252 863 5
252 874 5
252 924 4
252 947 5
252 969 5
252 971 5
253 3 5
253 4 5
253 7 5
253 9 5
253 11 5
253 12 5
253 17 3
253 22 5
253 24 1
253 33 5
253 42 5
253 48 5
253 49 2
253 50 5
253 53 4
253 59 5
253 68 5
253 69 5
253 73 2
253 79 5
253 80 3
253 93 5
253 94 3
253 97 5
253 98 5
253 100 5
253 117 5
253 122 3
253 125 4
253 132 5
253 143 4
253 154 5
253 156 5
253 157 5
253 158 1
253 164 5
253 168 5
253 172 5
253 174 5
253 181 5
253 186 5
253 188 5
253 196 5
253 204 5
253 210 5
253 231 3
253 233 3
253 238 5
253 239 5
253 246 5
253 248 5
253 254 3
253 258 5
253 268 5
253 276 5
253 288 5
253 298 4
253 318 5
253 354 5
253 356 5
253 357 5
253 364 3
253 367 4
253 369 3
253 384 3
253 385 5
253 393 4
253 401 5
253 402 5
253 410 3
253 412 3
253 416 4
253 421 5
253 423 5
253 424 3
253 427 5
253 456 3
253 471 5
253 475 5
253 476 3
253 496 5
253 508 5
253 509 5
253 515 5
253 550 5
253 552 3
253 566 5
253 568 5
253 578 2
253 586 3
253 591 5
253 628 4
253 651 5
253 655 5
253 684 5
253 693 5
253 697 3
253 717 3
253 721 3
253 742 5
253 871 3
253 959 5
253 963 5
253 975 2
254 1 5
254 11 5
254 12 5
254 15 5
254 22 5
254 28 5
254 50 5
254 51 5
254 55 5
254 56 5
254 58 5
254 66 5
254 69 5
254 70 5
254 73 5
254 76 5
254 77 5
254 79 5
254 82 5
254 87 5
254 88 5
254 89 5
254 96 5
254 97 5
254 98 5
254 99 5
254 100 5
254 107 5
254 114 5
254 117 5
254 118 5
254 121 5
254 124 5
254 131 5
254 133 5
254 134 5
254 136 5
254 143 5
254 144 5
254 153 5
254 161 5
254 162 5
254 164 5
254 169 5
254 172 5
254 173 5
254 174 5
254 181 5
254 182 5
254 185 5
254 191 5
254 195 5
254 196 5
254 197 5
254 199 5
254 202 5
254 203 5
254 204 5
254 210 5
254 211 5
254 215 5
254 222 5
254 228 5
254 234 5
254 237 5
254 245 5
254 248 5
254 250 5
254 255 5
254 257 5
254 258 5
254 259 1
254 260 2
254 270 5
254 272 5
254 277 5
254 279 5
254 286 5
254 289 5
254 293 5
254 300 5
254 310 5
254 315 5
254 316 5
254 317 5
254 318 5
254 322 3
254 323 4
254 326 5
254 356 5
254 357 5
254 378 3
254 385 5
254 392 3
254 414 5
254 418 5
254 419 5
254 423 5
254 427 5
254 431 5
254 434 5
254 435 5
254 451 3
254 465 5
254 468 5
254 474 5
254 478 5
254 479 5
254 482 5
254 483 5
254 484 5
254 485 5
254 487 5
254 490 5
254 492 5
254 493 5
254 496 5
254 497 5
254 507 5
254 509 5
254 519 5
254 520 5
254 526 5
254 528 5
254 531 5
254 566 5
254 568 5
254 603 5
254 605 5
254 607 5
254 610 5
254 612 5
254 614 5
254 627 4
254 631 5
254 633 5
254 642 5
254 649 5
254 651 5
254 654 5
254 655 5
254 657 5
254 659 5
254 660 5
254 661 5
254 678 4
254 685 5
254 686 5
254 692 5
254 693 5
254 694 5
254 705 5
254 707 5
254 724 5
254 735 5
254 736 5
254 740 2
254 742 5
254 746 5
254 836 3
254 837 5
254 842 5
254 873 2
254 875 2
254 879 3
254 939 5
254 945 5
254 956 5
254 968 5
255 1 5
255 2 4
255 4 4
255 7 5
255 8 5
255 9 5
255 12 5
255 14 5
255 17 4
255 20 5
255 24 4
255 25 4
255 31 5
255 39 4
255 40 4
255 42 5
255 44 5
255 47 2
255 53 2
255 56 5
255 57 5
255 58 5
255 64 5
255 69 5
255 70 2
255 71 5
255 87 5
255 95 5
255 96 5
255 97 5
255 98 5
255 100 5
255 118 4
255 123 5
255 125 5
255 126 5
255 127 5
255 135 5
255 148 4
255 161 4
255 170 5
255 174 5
255 176 5
255 191 5
255 196 5
255 197 5
255 204 5
255 214 5
255 217 4
255 222 5
255 223 5
255 228 5
255 234 5
255 237 5
255 241 1
255 245 4
255 252 4
255 255 3
255 257 5
255 265 5
255 270 5
255 275 5
255 276 5
255 277 3
255 279 4
255 281 4
255 282 5
255 288 4
255 289 4
255 291 4
255 292 4
255 293 5
255 300 4
255 301 2
255 304 5
255 307 5
255 313 5
255 317 5
255 318 5
255 321 5
255 323 4
255 334 1
255 343 3
255 380 5
255 382 5
255 393 5
255 402 4
255 405 4
255 423 5
255 428 5
255 447 5
255 455 4
255 462 5
255 465 4
255 471 5
255 475 5
255 504 5
255 508 5
255 511 5
255 515 5
255 518 3
255 529 5
255 531 5
255 582 5
255 584 1
255 591 5
255 597 4
255 627 3
255 628 5
255 629 4
255 647 5
255 660 5
255 678 4
255 692 3
255 694 5
255 709 5
255 724 5
255 727 4
255 738 4
255 747 5
255 755 5
255 778 2
255 898 4
255 934 2
255 939 5
256 1 5
256 3 4
256 4 5
256 9 5
256 12 5
256 13 5
256 22 5
256 23 5
256 32 4
256 42 5
256 46 5
256 50 5
256 53 4
256 54 2
256 57 5
256 60 5
256 61 5
256 68 3
256 69 5
256 71 5
256 79 5
256 80 4
256 86 5
256 91 4
256 92 5
256 95 5
256 97 5
256 100 5
256 101 1
256 111 5
256 121 5
256 125 1
256 127 5
256 133 5
256 135 5
256 143 5
256 161 5
256 168 5
256 170 5
256 172 5
256 174 5
256 175 5
256 177 5
256 179 5
256 181 5
256 182 5
256 185 5
256 186 5
256 187 5
256 188 3
256 194 5
256 196 5
256 197 5
256 200 5
256 202 5
256 210 5
256 211 5
256 218 5
256 222 4
256 226 5
256 228 5
256 231 4
256 232 4
256 234 5
256 238 5
256 268 5
256 273 5
256 274 4
256 282 5
256 286 5
256 294 4
256 325 4
256 346 5
256 357 5
256 366 5
256 369 4
256 380 5
256 403 1
256 410 4
256 414 5
256 419 2
256 421 5
256 423 5
256 427 5
256 431 2
256 432 5
256 433 5
256 443 5
256 448 1
256 449 4
256 452 1
256 460 4
256 461 5
256 462 5
256 474 5
256 475 4
256 479 5
256 484 5
256 490 5
256 498 5
256 505 4
256 506 5
256 508 4
256 523 5
256 546 4
256 559 4
256 568 5
256 578 1
256 581 5
256 582 5
256 603 5
256 608 5
256 616 5
256 640 2
256 655 5
256 658 1
256 660 5
256 662 5
256 672 4
256 673 5
256 693 5
256 696 5
256 708 2
256 710 4
256 715 5
256 720 4
256 721 4
256 737 1
256 743 4
256 763 4
256 789 5
256 806 5
256 818 4
256 845 4
256 864 4
256 919 5
256 922 5
256 933 4
256 943 2
256 955 5
256 959 5
256 963 5
256 979 5
256 985 4
257 4 4
257 7 1
257 8 3
257 9 1
257 11 4
257 12 5
257 14 5
257 15 4
257 20 4
257 27 4
257 31 4
257 38 4
257 44 2
257 45 1
257 48 4
257 50 5
257 51 4
257 52 4
257 53 4
257 54 4
257 56 2
257 57 3
257 58 4
257 59 4
257 62 4
257 64 5
257 65 4
257 66 4
257 70 4
257 77 4
257 79 4
257 82 4
257 83 4
257 86 4
257 89 4
257 91 4
257 94 4
257 96 4
257 97 4
257 100 5
257 105 4
257 114 5
257 117 4
257 118 4
257 122 4
257 127 4
257 132 2
257 134 5
257 137 5
257 143 4
257 144 4
257 148 4
257 151 4
257 155 4
257 156 1
257 157 4
257 161 4
257 162 4
257 164 4
257 168 4
257 172 5
257 173 4
257 174 5
257 176 4
257 180 1
257 181 4
257 182 4
257 183 5
257 185 1
257 186 4
257 190 2
257 191 4
257 192 4
257 193 4
257 194 4
257 195 2
257 196 4
257 197 3
257 200 4
257 203 4
257 204 1
257 209 2
257 214 4
257 215 2
257 216 4
257 218 4
257 219 4
257 226 4
257 229 4
257 230 4
257 231 4
257 232 4
257 234 4
257 235 4
257 237 4
257 239 4
257 240 4
257 241 4
257 243 4
257 248 4
257 257 4
257 258 1
257 265 4
257 282 1
257 285 5
257 288 4
257 304 4
257 318 4
257 357 2
257 366 4
257 370 4
257 372 1
257 373 2
257 378 4
257 380 4
257 385 4
257 393 4
257 395 4
257 401 4
257 402 4
257 403 4
257 405 4
257 410 4
257 411 4
257 412 4
257 417 4
257 425 4
257 428 5
257 436 1
257 443 4
257 448 4
257 450 4
257 452 4
257 453 4
257 455 4
257 456 4
257 458 4
257 462 4
257 469 2
257 470 4
257 471 4
257 472 4
257 473 4
257 474 3
257 476 4
257 483 5
257 500 4
257 507 4
257 509 4
257 527 4
257 529 4
257 531 1
257 540 4
257 546 4
257 549 1
257 553 4
257 559 4
257 566 4
257 568 4
257 582 4
257 584 4
257 588 4
257 597 4
257 623 4
257 628 4
257 629 4
257 631 4
257 632 1
257 636 4
257 640 4
257 651 5
257 655 2
257 658 4
257 664 4
257 673 4
257 679 4
257 692 4
257 699 4
257 704 4
257 708 4
257 709 1
257 717 4
257 720 4
257 722 4
257 727 1
257 729 4
257 732 4
257 739 4
257 742 4
257 744 1
257 747 4
257 755 4
257 756 4
257 758 4
257 769 4
257 770 4
257 775 4
257 783 4
257 792 1
257 819 4
257 825 4
257 841 4
257 845 4
257 871 4
257 931 4
257 934 4
257 948 4
257 949 4
257 959 3
257 980 4
258 8 5
258 9 5
258 12 5
258 13 4
258 14 5
258 20 4
258 23 5
258 25 4
258 28 5
258 32 5
258 48 5
258 50 5
258 57 5
258 58 5
258 86 5
258 96 5
258 98 5
258 117 2
258 121 2
258 124 5
258 126 2
258 127 5
258 129 5
258 134 5
258 143 1
258 144 5
258 147 1
258 152 2
258 169 5
258 174 5
258 178 5
258 179 5
258 180 5
258 181 5
258 182 5
258 183 5
258 189 4
258 190 5
258 191 5
258 192 5
258 193 5
258 195 5
258 203 5
258 208 5
258 209 5
258 234 5
258 237 1
258 238 5
258 245 2
258 250 1
258 255 4
258 273 2
258 278 4
258 282 4
258 283 5
258 284 4
258 285 5
258 286 3
258 287 4
258 288 4
258 293 3
258 298 1
258 301 4
258 304 4
258 307 1
258 317 4
258 318 5
258 319 4
258 321 1
258 330 3
258 333 4
258 346 3
258 357 5
258 387 2
258 405 4
258 408 5
258 410 4
258 423 5
258 425 4
258 427 5
258 430 5
258 467 5
258 469 5
258 473 4
258 474 5
258 496 5
258 509 5
258 514 5
258 517 3
258 521 4
258 526 5
258 529 5
258 530 5
258 546 4
258 582 5
258 588 5
258 589 5
258 591 1
258 597 4
258 603 5
258 632 5
258 644 5
258 648 5
258 651 5
258 654 5
258 663 4
258 685 4
258 694 5
258 696 5
258 704 4
258 709 5
258 717 4
258 736 4
258 742 3
258 750 5
258 753 5
258 792 5
258 844 4
258 847 5
258 896 3
258 925 1
258 939 3
258 952 1
258 956 3
258 980 3
259 1 5
259 3 2
259 7 5
259 8 5
259 15 5
259 16 5
259 19 3
259 22 5
259 25 5
259 100 5
259 108 3
259 111 5
259 117 5
259 120 3
259 121 5
259 123 3
259 134 5
259 147 5
259 148 4
259 164 5
259 172 5
259 174 5
259 181 5
259 194 5
259 216 5
259 220 2
259 222 5
259 225 3
259 230 5
259 245 2
259 249 5
259 250 5
259 255 5
259 258 5
259 264 3
259 278 2
259 282 5
259 286 5
259 289 5
259 291 4
259 295 4
259 300 5
259 301 5
259 322 1
259 323 2
259 328 5
259 332 5
259 333 5
259 336 3
259 357 5
259 358 2
259 411 3
259 472 5
259 473 1
259 523 5
259 546 2
259 568 5
259 596 2
259 597 3
259 651 5
259 676 5
259 678 3
259 685 5
259 687 3
259 742 5
259 748 3
259 815 2
259 825 5
259 827 3
259 832 1
259 846 3
259 864 3
259 866 5
259 873 3
259 879 5
259 934 2
259 969 5
259 978 3
259 989 3
260 1 4
260 7 4
260 10 2
260 14 5
260 20 4
260 117 1
260 127 5
260 129 4
260 146 4
260 221 4
260 224 4
260 242 5
260 248 1
260 250 2
260 253 2
260 257 5
260 258 3
260 273 1
260 275 5
260 276 5
260 279 4
260 286 5
260 289 2
260 294 4
260 297 4
260 301 4
260 302 5
260 303 4
260 307 1
260 311 3
260 322 4
260 327 4
260 458 4
260 515 5
260 532 4
260 591 4
260 676 2
260 713 4
260 744 4
261 121 5
261 158 4
261 242 5
261 255 4
261 269 5
261 285 5
261 302 5
261 304 5
261 319 3
261 347 3
261 682 3
262 11 5
262 22 4
262 100 5
262 136 5
262 237 3
262 259 4
262 271 4
262 288 4
262 289 2
262 292 2
262 300 1
262 313 5
262 321 4
262 332 4
262 358 4
262 678 2
262 682 1
262 866 1
262 895 4
263 3 2
263 7 5
263 10 5
263 14 5
263 15 5
263 20 4
263 24 5
263 50 5
263 93 5
263 100 5
263 103 2
263 107 4
263 112 2
263 116 5
263 117 5
263 121 5
263 124 5
263 126 5
263 127 5
263 137 5
263 147 5
263 149 4
263 150 5
263 151 5
263 221 5
263 224 4
263 225 5
263 235 5
263 242 5
263 243 2
263 244 3
263 248 5
263 249 5
263 250 5
263 253 5
263 257 5
263 258 5
263 268 5
263 270 5
263 274 5
263 282 5
263 283 4
263 284 5
263 285 5
263 288 5
263 301 5
263 304 2
263 306 4
263 311 4
263 319 5
263 347 5
263 362 2
263 455 5
263 472 5
263 473 3
263 475 5
263 477 4
263 508 5
263 544 5
263 593 4
263 596 4
263 597 5
263 689 4
263 741 5
263 744 5
263 751 4
263 819 5
263 845 5
263 864 3
263 870 2
263 880 5
263 887 2
263 926 2
263 930 3
263 950 1
263 952 5
263 988 2
263 993 3
264 16 4
264 116 4
264 176 5
264 181 5
264 194 5
264 248 4
264 258 5
264 260 4
264 269 3
264 286 4
264 289 4
264 293 3
264 298 1
264 300 2
264 301 4
264 321 4
264 322 4
264 328 4
264 333 4
264 358 4
264 482 4
264 603 5
264 678 4
264 705 5
264 709 5
264 748 4
264 879 1
265 1 5
265 7 5
265 8 5
265 12 5
265 22 5
265 28 5
265 32 5
265 56 5
265 64 5
265 87 5
265 97 5
265 100 5
265 109 4
265 114 5
265 132 5
265 134 5
265 136 5
265 143 5
265 154 5
265 169 5
265 172 5
265 174 5
265 175 5
265 179 5
265 180 5
265 181 5
265 190 5
265 191 5
265 194 5
265 198 5
265 199 5
265 202 5
265 257 4
265 258 5
265 283 5
265 286 5
265 300 5
265 318 5
265 319 1
265 395 4
265 404 5
265 423 5
265 428 5
265 474 5
265 475 5
265 478 5
265 481 5
265 496 5
265 529 5
265 584 3
265 588 5
265 603 5
265 615 5
265 638 5
265 651 5
265 656 5
265 705 5
265 855 5
266 2 4
266 11 5
266 22 5
266 24 4
266 27 4
266 50 5
266 55 4
266 56 3
266 62 4
266 79 5
266 87 5
266 89 5
266 95 5
266 96 5
266 98 5
266 117 4
266 127 5
266 128 4
266 144 5
266 174 5
266 181 5
266 182 3
266 183 5
266 184 4
266 187 5
266 188 1
266 210 5
266 231 4
266 232 1
266 258 5
266 265 5
266 268 5
266 269 3
266 273 4
266 288 4
266 292 3
266 294 4
266 302 1
266 306 4
266 308 1
266 313 5
266 315 5
266 321 4
266 324 4
266 326 4
266 327 1
266 328 3
266 331 2
266 333 4
266 334 4
266 346 1
266 349 4
266 350 4
266 354 4
266 357 4
266 385 4
266 405 4
266 455 4
266 518 4
266 546 4
266 550 1
266 566 5
266 568 1
266 651 5
266 682 4
266 748 4
266 873 4
266 882 4
266 885 4
266 898 4
266 902 4
266 908 4
266 995 4
267 7 4
267 10 1
267 24 4
267 50 5
267 93 4
267 100 5
267 108 2
267 109 4
267 150 5
267 240 4
267 246 5
267 248 2
267 249 4
267 264 4
267 268 5
267 269 5
267 273 5
267 276 3
267 298 4
267 327 4
267 340 4
267 455 4
267 475 5
267 742 2
267 762 4
267 919 5
268 1 5
268 4 5
268 7 5
268 8 5
268 13 3
268 15 5
268 19 5
268 22 5
268 23 5
268 25 5
268 31 4
268 39 4
268 42 4
268 47 4
268 51 3
268 56 5
268 58 5
268 69 5
268 70 5
268 71 5
268 95 5
268 96 5
268 97 5
268 98 5
268 100 5
268 111 5
268 116 5
268 118 3
268 121 5
268 126 5
268 132 5
268 137 5
268 144 5
268 150 5
268 153 5
268 157 5
268 159 5
268 160 5
268 170 5
268 172 5
268 173 5
268 178 5
268 180 5
268 181 5
268 182 5
268 191 5
268 192 5
268 195 5
268 200 5
268 209 5
268 214 5
268 216 5
268 222 5
268 238 5
268 246 5
268 251 5
268 257 5
268 258 5
268 273 5
268 283 5
268 285 5
268 293 5
268 294 3
268 297 2
268 318 5
268 321 5
268 357 5
268 367 3
268 377 3
268 405 1
268 411 1
268 423 5
268 427 5
268 428 5
268 435 5
268 462 5
268 469 4
268 471 5
268 475 5
268 498 5
268 507 5
268 529 5
268 544 1
268 582 5
268 603 5
268 612 5
268 642 4
268 655 5
268 662 5
268 692 2
268 699 5
268 724 5
268 742 5
268 826 3
268 856 5
268 926 3
268 952 1
269 64 5
269 65 5
269 127 5
269 134 5
269 136 5
269 153 5
269 194 5
269 199 5
269 215 5
269 286 5
269 306 5
269 483 2
269 484 1
269 490 5
269 495 5
269 507 5
269 511 5
269 520 3
269 530 5
269 582 5
269 605 5
269 610 5
269 611 5
269 641 5
269 654 5
269 656 5
269 705 5
269 855 5
269 923 5
270 1 5
270 7 5
270 9 5
270 13 5
270 19 5
270 50 5
270 93 5
270 100 5
270 118 5
270 125 5
270 150 5
270 181 5
270 221 5
270 235 4
270 248 5
270 257 5
270 258 5
270 276 5
270 283 5
270 284 5
270 285 5
270 286 5
270 293 5
270 294 5
270 295 5
270 360 2
270 458 5
270 471 5
270 475 5
270 508 5
270 544 5
270 546 5
270 813 5
270 824 2
270 919 4
270 950 1
270 952 4
271 1 5
271 8 5
271 50 5
271 94 4
271 95 5
271 99 5
271 140 3
271 225 4
271 404 5
271 418 5
271 477 4
271 501 1
271 596 4
271 768 4
271 878 4
271 932 1
271 969 5
272 1 1
272 2 4
272 3 3
272 4 2
272 7 1
272 11 5
272 12 4
272 21 4
272 24 4
272 27 4
272 28 1
272 29 4
272 33 2
272 38 4
272 41 4
272 43 4
272 49 4
272 51 4
272 56 1
272 63 4
272 64 5
272 66 4
272 68 4
272 69 3
272 71 5
272 72 4
272 73 1
272 78 4
272 79 4
272 80 4
272 82 1
272 88 1
272 90 4
272 94 1
272 97 5
272 99 4
272 101 3
272 109 4
272 117 4
272 118 4
272 120 4
272 121 4
272 122 4
272 123 4
272 132 5
272 135 4
272 141 5
272 151 4
272 161 4
272 168 3
272 172 5
272 173 1
272 174 5
272 175 3
272 177 5
272 181 5
272 183 5
272 185 5
272 186 1
272 193 3
272 195 2
272 196 5
272 204 2
272 210 5
272 215 4
272 217 4
272 218 4
272 226 4
272 228 4
272 229 4
272 232 4
272 233 4
272 234 5
272 239 5
272 240 4
272 250 4
272 254 4
272 255 4
272 258 3
272 260 4
272 271 4
272 288 4
272 313 5
272 318 5
272 323 4
272 343 4
272 355 4
272 358 4
272 362 4
272 365 5
272 368 4
272 370 4
272 373 4
272 374 4
272 375 4
272 378 5
272 380 3
272 384 4
272 386 4
272 391 4
272 392 4
272 393 4
272 395 4
272 400 4
272 401 4
272 404 5
272 411 4
272 416 3
272 417 1
272 418 2
272 431 1
272 443 5
272 449 4
272 465 4
272 473 4
272 475 4
272 477 4
272 485 5
272 496 5
272 501 4
272 541 4
272 546 4
272 548 5
272 550 4
272 552 2
272 559 4
272 561 2
272 562 1
272 567 4
272 568 4
272 569 4
272 576 2
272 577 4
272 578 4
272 584 4
272 588 1
272 597 4
272 609 4
272 625 4
272 633 5
272 655 3
272 665 4
272 672 4
272 685 4
272 689 4
272 715 4
272 720 4
272 739 4
272 742 1
272 743 4
272 746 4
272 747 2
272 751 4
272 755 1
272 756 4
272 758 4
272 760 4
272 763 4
272 768 2
272 771 4
272 780 1
272 790 4
272 796 4
272 810 4
272 826 4
272 834 4
272 877 4
272 890 4
272 895 4
272 924 4
272 928 4
272 930 4
272 931 4
272 940 4
272 946 4
272 951 3
272 977 4
273 7 5
273 9 5
273 10 1
273 14 5
273 25 4
273 116 1
273 124 5
273 129 3
273 137 5
273 242 5
273 257 5
273 275 3
273 276 3
273 293 5
273 302 5
273 303 4
273 319 4
273 327 1
273 547 4
273 813 5
274 7 4
274 8 1
274 11 4
274 12 5
274 13 4
274 14 5
274 15 4
274 22 1
274 23 4
274 26 4
274 42 4
274 44 3
274 45 2
274 48 4
274 50 5
274 52 3
274 58 4
274 60 4
274 61 4
274 64 5
274 66 4
274 68 4
274 69 4
274 70 4
274 71 4
274 72 1
274 73 4
274 76 4
274 77 4
274 79 4
274 83 4
274 86 4
274 87 3
274 88 4
274 89 3
274 92 4
274 97 4
274 98 1
274 99 3
274 100 5
274 107 4
274 116 4
274 117 4
274 121 4
274 131 2
274 132 4
274 134 2
274 135 4
274 136 3
274 141 3
274 150 4
274 161 4
274 168 5
274 170 5
274 171 1
274 172 2
274 173 1
274 175 4
274 176 4
274 178 5
274 179 4
274 180 4
274 181 4
274 182 4
274 183 4
274 191 2
274 192 1
274 193 1
274 194 3
274 195 4
274 196 2
274 198 4
274 203 3
274 205 4
274 207 4
274 208 5
274 210 4
274 211 4
274 212 4
274 215 4
274 216 4
274 218 4
274 221 4
274 227 4
274 230 4
274 234 4
274 237 1
274 238 2
274 244 4
274 248 4
274 252 4
274 257 4
274 258 4
274 265 3
274 274 4
274 275 1
274 276 2
274 282 4
274 283 4
274 285 5
274 288 4
274 289 4
274 291 4
274 293 4
274 298 4
274 302 2
274 313 4
274 315 4
274 316 5
274 317 4
274 322 4
274 326 4
274 346 4
274 356 4
274 380 4
274 382 4
274 385 4
274 410 4
274 414 2
274 416 4
274 418 4
274 419 4
274 430 4
274 434 2
274 435 5
274 436 3
274 461 4
274 462 3
274 463 5
274 470 4
274 474 5
274 475 4
274 478 4
274 480 4
274 481 4
274 483 5
274 484 5
274 486 2
274 488 4
274 489 5
274 490 3
274 491 4
274 493 5
274 495 4
274 496 1
274 497 4
274 498 5
274 499 4
274 503 4
274 506 5
274 507 4
274 508 4
274 511 5
274 513 2
274 514 4
274 517 4
274 518 4
274 519 4
274 520 5
274 521 4
274 525 5
274 526 4
274 527 4
274 528 4
274 529 4
274 530 4
274 553 4
274 566 4
274 584 4
274 591 4
274 601 5
274 602 1
274 603 2
274 604 4
274 605 4
274 607 2
274 610 4
274 614 4
274 615 4
274 618 4
274 628 4
274 633 2
274 641 5
274 642 4
274 646 5
274 648 3
274 649 2
274 651 5
274 653 4
274 657 5
274 659 4
274 660 4
274 661 3
274 664 4
274 676 4
274 684 4
274 685 2
274 692 4
274 696 4
274 697 4
274 699 4
274 705 2
274 707 2
274 708 4
274 709 5
274 735 4
274 736 3
274 744 4
274 756 4
274 789 2
274 792 3
274 836 4
274 848 5
274 921 4
274 923 5
274 939 4
274 943 4
274 945 4
274 963 5
274 966 3
274 971 4
274 996 4
275 70 5
275 100 5
275 127 5
275 259 5
275 286 5
275 313 5
275 381 5
276 4 5
276 26 5
276 33 5
276 56 5
276 63 3
276 67 3
276 72 2
276 73 3
276 80 1
276 83 5
276 88 3
276 168 5
276 173 5
276 175 5
276 186 5
276 202 5
276 204 5
276 209 5
276 211 5
276 216 5
276 232 3
276 238 5
276 239 5
276 288 2
276 294 3
276 300 3
276 328 1
276 343 3
276 367 3
276 386 3
276 435 5
276 579 5
276 648 5
276 655 5
276 692 5
276 710 3
276 712 5
276 715 4
276 734 3
276 738 3
276 748 3
276 765 1
276 781 2
276 790 3
276 792 5
276 890 3
276 944 3
276 999 5
277 20 4
277 25 4
277 36 4
277 49 1
277 88 4
277 90 4
277 237 4
277 255 1
277 282 4
277 289 4
277 294 4
277 369 4
277 553 1
277 709 4
277 722 4
277 731 4
277 732 1
277 756 4
277 781 4
277 846 4
278 1 5
278 7 2
278 17 4
278 23 5
278 26 1
278 28 3
278 40 4
278 42 4
278 48 5
278 50 5
278 65 4
278 69 3
278 72 4
278 77 4
278 79 5
278 81 4
278 93 4
278 98 5
278 111 1
278 122 4
278 134 5
278 143 3
278 145 4
278 151 1
278 160 4
278 161 1
278 188 4
278 196 5
278 216 3
278 218 2
278 219 4
278 222 1
278 231 4
278 237 1
278 238 5
278 255 1
278 276 3
278 282 2
278 288 4
278 300 4
278 318 5
278 327 4
278 340 4
278 350 4
278 354 4
278 357 5
278 367 4
278 369 4
278 381 5
278 392 4
278 403 3
278 410 2
278 412 4
278 427 5
278 447 1
278 451 2
278 467 5
278 469 3
278 518 3
278 568 2
278 591 2
278 604 2
278 616 4
278 655 5
278 658 5
278 673 4
278 684 3
278 743 4
278 763 4
278 843 4
278 866 4
278 959 5
278 975 4
279 1 5
279 8 5
279 24 3
279 28 5
279 31 4
279 50 5
279 54 1
279 55 5
279 58 5
279 66 5
279 70 5
279 71 5
279 79 5
279 82 5
279 88 4
279 89 5
279 95 5
279 96 5
279 97 5
279 100 5
279 101 3
279 108 2
279 111 5
279 117 5
279 118 1
279 121 5
279 122 3
279 127 5
279 133 5
279 135 5
279 144 5
279 147 3
279 148 2
279 153 5
279 161 2
279 164 5
279 168 5
279 172 5
279 173 5
279 174 5
279 175 5
279 176 5
279 177 5
279 179 5
279 180 5
279 181 5
279 182 5
279 183 5
279 185 5
279 187 5
279 188 2
279 189 5
279 190 5
279 195 5
279 197 5
279 198 5
279 201 1
279 204 5
279 209 5
279 210 5
279 211 5
279 213 5
279 215 5
279 216 5
279 228 5
279 230 4
279 241 3
279 248 5
279 249 1
279 255 4
279 257 4
279 258 5
279 261 3
279 264 3
279 265 5
279 266 1
279 270 5
279 272 5
279 274 5
279 281 3
279 282 5
279 286 5
279 288 1
279 294 3
279 295 3
279 298 3
279 300 5
279 304 5
279 325 2
279 328 2
279 356 2
279 358 3
279 380 4
279 385 5
279 398 3
279 405 1
279 421 5
279 422 5
279 423 5
279 436 5
279 455 2
279 463 5
279 472 3
279 479 5
279 483 5
279 489 5
279 510 5
279 511 5
279 523 5
279 526 5
279 528 5
279 535 3
279 546 3
279 566 5
279 588 5
279 602 5
279 604 5
279 616 5
279 629 5
279 632 5
279 640 5
279 651 5
279 655 5
279 680 3
279 688 3
279 692 5
279 727 5
279 732 3
279 739 2
279 748 3
279 751 5
279 752 1
279 840 3
279 879 1
279 931 3
279 945 5
280 8 5
280 12 5
280 64 5
280 89 5
280 96 5
280 100 5
280 114 5
280 127 5
280 165 5
280 172 5
280 174 5
280 175 5
280 183 5
280 190 5
280 191 5
280 213 5
280 234 5
280 237 5
280 257 5
280 258 5
280 265 5
280 272 5
280 298 3
280 347 5
280 462 5
280 479 5
280 483 5
280 504 5
280 510 5
280 511 5
280 517 5
280 603 5
280 615 5
280 642 5
280 661 5
280 705 5
280 863 4
281 4 2
281 42 4
281 50 5
281 66 4
281 70 4
281 86 4
281 100 5
281 153 4
281 163 4
281 173 1
281 190 5
281 197 5
281 204 1
281 207 3
281 210 2
281 216 4
281 283 2
281 313 2
281 318 5
281 322 4
281 367 4
281 427 5
281 430 5
281 479 5
281 484 5
281 505 4
281 507 4
281 524 4
281 648 5
281 650 4
281 659 2
281 678 4
281 692 4
281 780 4
282 127 5
282 257 5
282 269 5
282 288 4
282 295 2
282 298 5
282 311 3
282 315 5
282 346 5
282 876 4
282 881 4
282 988 4
283 1 5
283 12 5
283 20 5
283 99 5
283 107 5
283 109 5
283 116 5
283 121 5
283 151 5
283 180 5
283 195 5
283 197 5
283 199 5
283 229 5
283 230 5
283 250 5
283 257 5
283 270 4
283 271 3
283 274 5
283 275 5
283 277 5
283 286 5
283 290 5
283 313 5
283 318 5
283 365 3
283 380 5
283 405 5
283 449 5
283 450 3
283 462 5
283 480 5
283 538 2
283 582 5
283 612 5
283 743 3
283 900 5
284 1 5
284 7 5
284 9 5
284 15 5
284 24 5
284 25 5
284 28 5
284 29 5
284 50 5
284 51 5
284 53 5
284 56 5
284 69 5
284 70 5
284 71 5
284 73 5
284 79 5
284 82 5
284 94 5
284 96 5
284 97 5
284 98 5
284 111 5
284 122 5
284 135 5
284 136 5
284 141 5
284 143 5
284 144 5
284 150 5
284 151 5
284 168 5
284 173 5
284 174 5
284 181 5
284 195 5
284 202 5
284 204 5
284 216 5
284 222 5
284 227 5
284 229 5
284 234 5
284 235 5
284 237 5
284 248 5
284 250 5
284 252 5
284 255 5
284 257 5
284 258 5
284 274 5
284 275 5
284 293 5
284 294 5
284 300 5
284 313 5
284 315 5
284 318 5
284 343 5
284 385 5
284 392 5
284 399 5
284 405 5
284 419 5
284 422 5
284 427 5
284 431 5
284 449 5
284 451 5
284 463 5
284 472 5
284 510 5
284 550 5
284 554 5
284 560 5
284 562 5
284 568 5
284 578 5
284 588 5
284 597 5
284 625 5
284 651 3
284 655 5
284 665 5
284 679 5
284 692 5
284 699 5
284 746 5
284 778 5
284 823 5
284 829 5
284 849 5
284 879 5
284 924 2
284 926 5
285 288 3
285 289 3
285 303 5
285 307 5
285 313 5
285 319 1
285 321 5
285 326 3
285 330 3
285 347 5
285 748 5
286 1 5
286 3 3
286 7 5
286 10 4
286 13 4
286 14 5
286 15 4
286 93 2
286 109 4
286 111 4
286 121 5
286 123 3
286 124 5
286 125 3
286 127 5
286 129 5
286 137 5
286 146 1
286 147 3
286 150 5
286 151 5
286 181 5
286 220 4
286 221 4
286 235 2
286 236 2
286 237 5
286 245 2
286 248 5
286 250 5
286 255 4
286 257 5
286 258 5
286 262 2
286 264 3
286 270 5
286 273 4
286 275 5
286 276 5
286 277 3
286 280 2
286 282 4
286 284 3
286 285 5
286 286 5
286 287 5
286 295 5
286 298 5
286 299 4
286 300 5
286 305 1
286 319 3
286 321 3
286 322 1
286 327 3
286 331 1
286 332 1
286 333 4
286 460 3
286 471 5
286 475 5
286 476 2
286 508 5
286 591 5
286 595 3
286 597 3
286 620 1
286 628 2
286 678 3
286 689 3
286 690 3
286 696 2
286 717 1
286 718 1
286 742 5
286 748 1
286 762 1
286 766 3
286 818 3
286 823 1
286 846 1
286 864 1
286 872 3
286 874 3
286 879 2
286 880 5
286 882 3
286 886 1
286 887 3
286 924 1
286 935 3
286 936 5
286 975 3
286 994 3
286 995 2
287 1 5
287 2 3
287 3 3
287 4 5
287 12 5
287 17 3
287 25 3
287 28 5
287 31 5
287 38 3
287 42 5
287 43 3
287 45 5
287 48 5
287 49 3
287 50 5
287 55 5
287 58 5
287 66 3
287 68 5
287 69 5
287 71 5
287 73 1
287 76 3
287 77 5
287 79 5
287 81 4
287 82 5
287 87 5
287 88 5
287 92 5
287 95 5
287 96 5
287 97 5
287 99 5
287 100 5
287 111 5
287 117 5
287 121 5
287 125 5
287 128 3
287 133 5
287 136 5
287 140 5
287 143 5
287 144 5
287 150 5
287 160 5
287 161 5
287 172 5
287 174 5
287 176 5
287 179 5
287 181 5
287 183 5
287 188 5
287 191 5
287 194 5
287 195 5
287 196 5
287 202 5
287 206 1
287 215 5
287 216 5
287 218 5
287 222 5
287 226 5
287 227 4
287 230 5
287 232 3
287 237 5
287 239 5
287 249 5
287 252 5
287 255 3
287 257 4
287 258 5
287 259 3
287 260 1
287 265 5
287 270 5
287 272 5
287 273 3
287 276 5
287 280 4
287 282 5
287 286 5
287 288 5
287 289 3
287 293 5
287 294 3
287 298 5
287 300 5
287 318 5
287 333 2
287 347 5
287 356 4
287 366 5
287 367 1
287 378 5
287 402 5
287 411 3
287 412 3
287 423 5
287 432 5
287 455 2
287 462 5
287 470 2
287 471 5
287 474 5
287 501 5
287 540 3
287 541 1
287 546 3
287 549 5
287 550 5
287 566 5
287 572 3
287 578 3
287 588 5
287 591 5
287 596 3
287 597 3
287 620 5
287 627 2
287 628 3
287 651 5
287 652 4
287 658 2
287 672 3
287 679 5
287 684 5
287 685 5
287 686 5
287 692 5
287 710 2
287 713 5
287 727 5
287 732 5
287 735 5
287 739 4
287 742 5
287 747 5
287 748 3
287 768 3
287 772 1
287 779 1
287 781 2
287 790 3
287 794 3
287 820 3
287 823 5
287 833 1
287 845 5
287 921 5
287 932 1
287 939 5
287 941 1
287 955 5
287 956 5
287 978 3
288 1 5
288 8 5
288 9 5
288 11 5
288 22 5
288 28 5
288 33 5
288 58 5
288 64 5
288 69 5
288 70 5
288 83 5
288 87 5
288 96 5
288 98 5
288 111 5
288 133 5
288 135 5
288 154 5
288 164 5
288 168 5
288 172 5
288 173 5
288 176 5
288 180 5
288 181 5
288 182 5
288 183 5
288 185 5
288 186 5
288 190 5
288 196 5
288 198 5
288 199 5
288 200 5
288 203 5
288 207 5
288 208 5
288 210 5
288 211 5
288 222 5
288 228 5
288 230 5
288 238 5
288 243 2
288 245 5
288 258 5
288 260 3
288 265 5
288 269 5
288 289 4
288 292 5
288 299 5
288 304 5
288 318 5
288 328 5
288 333 5
288 357 5
288 358 4
288 385 5
288 405 5
288 414 5
288 419 5
288 429 5
288 434 5
288 468 5
288 474 5
288 480 5
288 485 5
288 491 5
288 493 5
288 496 5
288 498 5
288 500 5
288 510 5
288 511 5
288 514 5
288 515 5
288 520 5
288 521 5
288 523 5
288 526 5
288 527 5
288 568 5
288 605 5
288 612 5
288 655 5
288 659 5
288 662 5
288 692 5
288 707 5
288 724 5
288 732 5
288 748 4
288 776 3
288 845 5
288 880 5
288 890 2
289 243 3
289 258 5
289 259 3
289 260 3
289 261 1
289 263 3
289 264 1
289 266 4
289 268 1
289 270 5
289 271 1
289 272 5
289 286 3
289 288 5
289 289 3
289 292 2
289 294 3
289 301 3
289 302 5
289 303 3
289 308 2
289 310 5
289 313 5
289 315 5
289 316 5
289 321 3
289 324 3
289 325 3
289 326 1
289 327 2
289 330 3
289 331 3
289 332 2
289 333 5
289 334 1
289 339 3
289 340 3
289 342 4
289 343 4
289 349 1
289 353 4
289 355 1
289 358 3
289 457 3
289 538 2
289 539 2
289 678 3
289 681 3
289 682 3
289 687 3
289 689 2
289 750 5
289 751 5
289 752 4
289 872 3
289 873 3
289 874 1
289 875 1
289 881 3
289 883 1
289 887 2
289 890 1
289 892 1
289 902 2
289 908 2
289 948 3
289 988 3
289 989 3
289 991 3
290 1 5
290 7 5
290 9 5
290 15 5
290 50 5
290 93 5
290 117 5
290 124 5
290 126 5
290 127 5
290 150 5
290 151 5
290 181 5
290 224 5
290 237 5
290 246 5
290 257 5
290 258 5
290 273 5
290 277 5
290 284 3
290 286 5
290 292 4
290 293 5
290 298 5
290 302 5
290 333 5
290 410 3
290 475 5
290 515 5
290 596 3
290 764 1
290 847 4
290 919 5
290 926 3
290 993 5
291 7 5
291 19 3
291 45 5
291 100 5
291 124 5
291 129 5
291 236 3
291 237 5
291 258 5
291 273 5
291 286 5
291 340 5
291 475 5
291 657 5
291 900 5
292 45 4
292 56 5
292 64 5
292 69 5
292 83 5
292 97 5
292 100 5
292 124 5
292 127 5
292 134 5
292 137 5
292 185 5
292 186 5
292 187 5
292 192 5
292 193 5
292 205 5
292 221 4
292 242 5
292 285 5
292 286 5
292 318 5
292 479 5
292 482 5
292 483 5
292 492 5
292 511 5
292 523 5
292 527 5
292 531 5
292 654 5
292 657 5
292 772 1
292 923 5
293 1 5
293 7 5
293 11 5
293 12 5
293 22 5
293 24 4
293 48 5
293 50 5
293 56 5
293 59 5
293 60 5
293 61 5
293 65 5
293 69 5
293 71 5
293 79 5
293 82 1
293 91 4
293 95 5
293 96 5
293 98 5
293 100 5
293 115 4
293 117 3
293 118 4
293 121 1
293 124 5
293 127 5
293 150 5
293 156 5
293 168 5
293 171 5
293 172 5
293 173 5
293 174 5
293 175 4
293 176 5
293 180 5
293 181 5
293 182 5
293 183 5
293 188 4
293 191 5
293 192 5
293 195 5
293 196 5
293 201 4
293 209 5
293 210 5
293 222 5
293 234 5
293 235 4
293 238 5
293 239 1
293 250 4
293 252 2
293 257 4
293 258 5
293 260 4
293 264 2
293 265 5
293 271 4
293 273 3
293 275 5
293 284 4
293 288 4
293 298 3
293 300 3
293 318 5
293 323 4
293 327 4
293 328 4
293 343 4
293 357 5
293 369 4
293 405 4
293 411 4
293 423 5
293 431 3
293 455 4
293 462 5
293 475 5
293 483 5
293 527 5
293 528 5
293 546 4
293 550 1
293 597 4
293 647 5
293 652 3
293 684 5
293 687 4
293 693 5
293 742 4
293 746 5
293 751 2
293 754 5
293 762 4
293 763 1
293 876 4
293 886 5
293 890 2
293 925 4
294 1 4
294 9 3
294 15 4
294 64 5
294 65 4
294 86 4
294 98 2
294 100 5
294 126 4
294 174 5
294 183 5
294 191 4
294 194 2
294 222 4
294 237 4
294 286 4
294 289 4
294 294 4
294 322 4
294 357 5
294 479 4
294 507 4
294 528 4
294 748 4
294 924 2
295 2 4
295 4 5
295 11 5
295 29 4
295 44 5
295 50 5
295 53 4
295 54 4
295 56 5
295 62 2
295 64 5
295 68 4
295 69 5
295 71 5
295 79 5
295 84 5
295 86 5
295 88 5
295 89 5
295 90 4
295 91 4
295 94 4
295 95 5
295 98 5
295 101 4
295 109 1
295 120 4
295 127 5
295 132 5
295 133 5
295 139 4
295 140 4
295 144 5
295 145 4
295 147 3
295 153 5
295 155 4
295 157 5
295 158 4
295 161 4
295 162 4
295 163 5
295 167 4
295 168 5
295 172 5
295 173 5
295 174 5
295 176 5
295 179 5
295 181 5
295 184 5
295 186 5
295 188 4
295 191 5
295 195 5
295 200 4
295 201 4
295 202 3
295 214 4
295 216 5
295 217 4
295 219 4
295 222 5
295 226 4
295 227 1
295 228 5
295 229 4
295 230 4
295 231 4
295 232 4
295 234 5
295 235 4
295 265 5
295 282 5
295 288 1
295 357 5
295 379 4
295 380 5
295 385 5
295 386 4
295 389 4
295 391 4
295 392 4
295 395 4
295 402 2
295 403 4
295 404 5
295 413 4
295 416 4
295 417 4
295 421 5
295 423 5
295 431 4
295 433 5
295 435 5
295 444 2
295 447 5
295 449 4
295 452 4
295 465 4
295 470 4
295 472 4
295 478 5
295 479 5
295 496 5
295 501 4
295 504 5
295 505 5
295 507 5
295 523 5
295 550 5
295 559 4
295 566 2
295 575 4
295 581 5
295 616 3
295 622 2
295 629 4
295 642 3
295 650 4
295 658 1
295 660 5
295 665 4
295 671 5
295 674 4
295 679 4
295 684 5
295 705 5
295 732 4
295 742 3
295 768 4
295 770 2
295 790 3
295 796 4
295 797 3
295 831 4
295 843 3
295 924 4
295 944 4
296 7 4
296 10 4
296 17 4
296 33 4
296 38 4
296 39 4
296 42 4
296 50 5
296 53 4
296 56 5
296 64 5
296 77 4
296 87 1
296 96 4
296 97 4
296 98 5
296 99 5
296 109 4
296 132 5
296 133 1
296 135 5
296 136 5
296 141 5
296 142 4
296 143 4
296 147 4
296 150 4
296 154 4
296 156 2
296 158 4
296 164 1
296 172 5
296 173 5
296 181 4
296 183 5
296 186 4
296 204 4
296 222 4
296 227 4
296 228 2
296 229 4
296 246 1
296 268 4
296 288 4
296 318 5
296 356 4
296 378 4
296 380 4
296 393 4
296 417 4
296 418 4
296 420 5
296 421 4
296 433 4
296 469 4
296 480 5
296 484 5
296 485 2
296 509 4
296 526 4
296 528 5
296 532 3
296 554 4
296 561 4
296 607 4
296 625 4
296 633 4
296 727 2
296 743 4
296 746 1
296 774 4
296 825 4
296 921 5
297 1 5
297 2 5
297 3 4
297 11 5
297 12 5
297 13 5
297 19 5
297 24 1
297 25 3
297 28 5
297 31 5
297 38 1
297 39 1
297 54 5
297 56 5
297 66 5
297 67 3
297 70 5
297 71 5
297 72 3
297 77 5
297 79 5
297 80 5
297 87 5
297 89 5
297 94 5
297 95 5
297 96 5
297 97 5
297 98 5
297 99 5
297 100 5
297 101 2
297 105 3
297 108 3
297 109 4
297 114 5
297 118 5
297 122 3
297 127 5
297 139 3
297 145 3
297 152 5
297 153 5
297 155 4
297 161 5
297 163 4
297 164 5
297 167 3
297 168 5
297 173 5
297 174 5
297 175 5
297 181 5
297 183 5
297 185 5
297 186 5
297 187 5
297 188 5
297 189 5
297 194 5
297 195 5
297 197 5
297 202 5
297 204 5
297 208 5
297 217 3
297 222 5
297 225 3
297 227 2
297 228 5
297 229 5
297 230 5
297 233 4
297 234 5
297 240 3
297 242 5
297 248 2
297 250 2
297 252 5
297 257 5
297 258 5
297 260 3
297 268 5
297 273 1
297 274 5
297 288 5
297 291 3
297 325 5
297 358 3
297 363 3
297 364 3
297 373 3
297 381 5
297 382 4
297 384 3
297 385 5
297 386 3
297 393 5
297 395 3
297 399 3
297 403 5
297 405 1
297 407 3
297 408 5
297 412 2
297 418 5
297 423 5
297 431 4
297 432 5
297 451 5
297 452 5
297 455 2
297 465 5
297 472 5
297 475 5
297 501 5
297 508 5
297 510 5
297 526 2
297 540 1
297 545 3
297 549 5
297 550 5
297 552 5
297 559 1
297 562 5
297 566 5
297 568 5
297 570 5
297 575 3
297 577 3
297 578 5
297 588 5
297 590 3
297 597 3
297 603 5
297 625 4
297 627 5
297 645 5
297 651 5
297 652 3
297 655 5
297 657 5
297 679 5
297 692 5
297 716 3
297 721 3
297 722 2
297 724 5
297 731 2
297 741 5
297 748 3
297 758 3
297 765 5
297 771 1
297 780 3
297 781 5
297 783 5
297 790 2
297 792 5
297 797 1
297 802 2
297 808 5
297 809 3
297 810 1
297 840 1
297 849 3
297 864 3
297 940 3
297 943 3
297 1000 3
298 10 5
298 11 5
298 12 5
298 23 5
298 32 5
298 50 5
298 53 2
298 54 4
298 56 5
298 59 5
298 61 5
298 79 5
298 83 5
298 89 5
298 98 5
298 121 5
298 124 5
298 127 5
298 136 5
298 137 5
298 144 5
298 150 5
298 151 5
298 156 5
298 160 5
298 164 5
298 168 5
298 171 5
298 172 5
298 175 5
298 176 5
298 182 5
298 183 5
298 186 5
298 187 5
298 191 5
298 192 5
298 197 5
298 202 5
298 203 5
298 204 5
298 210 5
298 218 5
298 222 5
298 228 5
298 229 1
298 258 5
298 262 2
298 271 3
298 275 5
298 288 5
298 293 5
298 302 5
298 340 4
298 381 5
298 425 5
298 435 5
298 443 5
298 447 5
298 448 3
298 449 5
298 464 5
298 474 5
298 475 5
298 483 5
298 484 5
298 486 5
298 489 5
298 512 5
298 515 5
298 522 3
298 525 5
298 548 5
298 554 3
298 558 4
298 594 1
298 607 4
298 628 5
298 631 5
298 649 5
298 652 5
298 656 5
298 664 5
298 675 5
298 693 4
298 754 5
298 772 3
298 806 5
298 887 5
298 919 5
298 922 4
298 933 3
298 985 3
299 7 4
299 8 5
299 11 4
299 12 5
299 50 5
299 69 5
299 87 5
299 97 5
299 117 1
299 132 5
299 153 5
299 157 5
299 176 5
299 177 5
299 181 5
299 182 4
299 183 5
299 191 5
299 193 4
299 194 5
299 198 5
299 202 4
299 207 5
299 210 5
299 213 5
299 215 5
299 238 5
299 251 5
299 271 4
299 272 5
299 275 5
299 295 4
299 300 2
299 301 4
299 312 4
299 313 5
299 318 5
299 326 4
299 357 5
299 414 5
299 425 5
299 427 5
299 463 5
299 474 5
299 482 5
299 483 5
299 484 5
299 486 5
299 497 5
299 511 5
299 514 5
299 516 5
299 520 5
299 521 5
299 530 3
299 539 4
299 605 3
299 651 5
299 657 5
299 661 5
299 663 4
299 690 4
299 692 2
299 742 2
299 750 5
299 879 4
299 886 2
299 887 5
299 902 4
300 1 4
300 3 4
300 8 5
300 9 5
300 15 5
300 25 4
300 28 5
300 30 4
300 39 4
300 42 4
300 43 4
300 44 5
300 45 5
300 50 5
300 56 5
300 58 4
300 59 5
300 61 5
300 62 4
300 69 2
300 70 4
300 72 4
300 77 4
300 83 5
300 88 1
300 89 5
300 94 4
300 97 4
300 98 5
300 100 5
300 116 1
300 118 4
300 120 4
300 125 4
300 129 1
300 133 4
300 135 5
300 143 2
300 147 1
300 159 4
300 164 1
300 172 5
300 175 2
300 179 2
300 181 5
300 196 5
300 204 5
300 208 5
300 210 5
300 211 5
300 216 1
300 217 4
300 223 5
300 234 5
300 235 4
300 238 5
300 244 4
300 245 4
300 246 5
300 250 4
300 252 4
300 255 4
300 257 4
300 268 4
300 274 4
300 275 5
300 276 3
300 281 4
300 282 4
300 283 2
300 284 4
300 285 5
300 287 3
300 294 4
300 298 4
300 300 4
300 301 4
300 304 4
300 316 5
300 319 4
300 325 4
300 381 5
300 386 4
300 387 4
300 393 4
300 396 4
300 405 4
300 407 4
300 412 4
300 421 5
300 448 4
300 464 5
300 469 5
300 471 2
300 472 4
300 475 4
300 476 4
300 479 5
300 498 5
300 509 5
300 514 5
300 517 4
300 522 2
300 529 4
300 531 5
300 535 1
300 553 4
300 559 4
300 568 1
300 569 4
300 584 4
300 611 1
300 619 4
300 639 4
300 640 4
300 660 3
300 662 1
300 665 4
300 699 5
300 709 5
300 714 4
300 721 4
300 729 4
300 735 5
300 739 4
300 742 4
300 762 4
300 768 4
300 775 4
300 780 4
300 781 4
300 815 4
300 821 4
300 827 4
300 836 4
300 845 4
300 930 4
300 964 3
300 971 4
300 988 4
300 996 4
